Protein,Protein ID,Control,Treatment,Difference
sp|Q09666|AHNK_HUMAN,Q09666,169,62,-107
sp|P00352|AL1A1_HUMAN,P00352,220,138,-82
sp|P60709|ACTB_HUMAN,P60709,369,287,-82
sp|P21333|FLNA_HUMAN,P21333,192,123,-69
sp|P06733|ENOA_HUMAN,P06733,134,76,-58
sp|Q9Y490|TLN1_HUMAN,Q9Y490,108,56,-52
sp|P11142|HSP7C_HUMAN,P11142,114,67,-47
sp|P58876|H2B1D_HUMAN,P58876,47,0,-47
sp|P04406|G3P_HUMAN,P04406,143,97,-46
sp|P11413|G6PD_HUMAN,P11413,139,95,-44
sp|P42330|AK1C3_HUMAN,P42330,126,82,-44
sp|Q8IVF2|AHNK2_HUMAN,Q8IVF2,55,14,-41
sp|O60218|AK1BA_HUMAN,O60218,155,116,-39
sp|P29401|TKT_HUMAN,P29401,118,79,-39
sp|P52272|HNRPM_HUMAN,P52272,72,33,-39
sp|P00558|PGK1_HUMAN,P00558,103,65,-38
sp|P07900|HS90A_HUMAN,P07900,108,70,-38
sp|Q06830|PRDX1_HUMAN,Q06830,93,55,-38
sp|P31948|STIP1_HUMAN,P31948,73,36,-37
sp|P09651|ROA1_HUMAN,P09651,65,29,-36
sp|P22626|ROA2_HUMAN,P22626,72,38,-34
sp|P18206|VINC_HUMAN,P18206,73,41,-32
sp|O75369|FLNB_HUMAN,O75369,129,98,-31
sp|P78371|TCPB_HUMAN,P78371,55,26,-29
sp|P14618|KPYM_HUMAN,P14618,143,115,-28
sp|P07355|ANXA2_HUMAN,P07355,182,155,-27
sp|P08238|HS90B_HUMAN,P08238,75,48,-27
sp|P13797|PLST_HUMAN,P13797,46,19,-27
sp|P52895|AK1C2_HUMAN,P52895,59,32,-27
sp|P37802|TAGL2_HUMAN,P37802,48,22,-26
sp|P06744|G6PI_HUMAN,P06744,73,48,-25
sp|P23246|SFPQ_HUMAN,P23246,43,18,-25
sp|P63104|1433Z_HUMAN,P63104,66,41,-25
sp|Q92598|HS105_HUMAN,Q92598,41,16,-25
sp|P67936|TPM4_HUMAN,P67936,49,25,-24
sp|P00338|LDHA_HUMAN,P00338,66,43,-23
sp|P04075|ALDOA_HUMAN,P04075,79,56,-23
sp|P42166|LAP2A_HUMAN,P42166,29,6,-23
sp|P60174|TPIS_HUMAN,P60174,66,43,-23
sp|P62937|PPIA_HUMAN,P62937,72,49,-23
sp|O43707|ACTN4_HUMAN,O43707,112,90,-22
sp|P07737|PROF1_HUMAN,P07737,63,41,-22
sp|P0DMV8|HS71A_HUMAN,P0DMV8,61,39,-22
sp|P15121|ALDR_HUMAN,P15121,55,33,-22
sp|P23528|COF1_HUMAN,P23528,44,22,-22
sp|P49327|FAS_HUMAN,P49327,117,95,-22
sp|Q92945|FUBP2_HUMAN,Q92945,42,20,-22
sp|O14979|HNRDL_HUMAN,O14979,30,9,-21
sp|P48643|TCPE_HUMAN,P48643,44,23,-21
sp|Q14980|NUMA1_HUMAN,Q14980,54,33,-21
sp|Q96AE4|FUBP1_HUMAN,Q96AE4,35,14,-21
sp|P05455|LA_HUMAN,P05455,32,12,-20
sp|P52209|6PGD_HUMAN,P52209,72,52,-20
sp|P09936|UCHL1_HUMAN,P09936,43,24,-19
sp|P22234|PUR6_HUMAN,P22234,29,10,-19
sp|P50395|GDIB_HUMAN,P50395,49,30,-19
sp|P61978|HNRPK_HUMAN,P61978,55,36,-19
sp|P68371|TBB4B_HUMAN,P68371,150,131,-19
sp|Q13573|SNW1_HUMAN,Q13573,19,0,-19
sp|Q14533|KRT81_HUMAN,Q14533,19,0,-19
sp|Q86UP2|KTN1_HUMAN,Q86UP2,35,16,-19
sp|O75874|IDHC_HUMAN,O75874,43,25,-18
sp|Q9UQ80|PA2G4_HUMAN,Q9UQ80,38,20,-18
sp|P09429|HMGB1_HUMAN,P09429,36,19,-17
sp|P35998|PRS7_HUMAN,P35998,31,14,-17
sp|P43490|NAMPT_HUMAN,P43490,34,17,-17
sp|P54577|SYYC_HUMAN,P54577,27,10,-17
sp|P62258|1433E_HUMAN,P62258,45,28,-17
sp|Q68CZ2|TENS3_HUMAN,Q68CZ2,23,6,-17
sp|P04083|ANXA1_HUMAN,P04083,105,89,-16
sp|P09382|LEG1_HUMAN,P09382,40,24,-16
sp|P26599|PTBP1_HUMAN,P26599,31,15,-16
sp|P27816|MAP4_HUMAN,P27816,30,14,-16
sp|Q13838|DX39B_HUMAN,Q13838,18,2,-16
sp|Q15365|PCBP1_HUMAN,Q15365,24,8,-16
sp|Q16555|DPYL2_HUMAN,Q16555,37,21,-16
sp|Q92823|NRCAM_HUMAN,Q92823,17,1,-16
sp|Q9C0C2|TB182_HUMAN,Q9C0C2,27,11,-16
sp|O75475|PSIP1_HUMAN,O75475,21,6,-15
sp|P13639|EF2_HUMAN,P13639,75,60,-15
sp|P30041|PRDX6_HUMAN,P30041,28,13,-15
sp|P34932|HSP74_HUMAN,P34932,43,28,-15
sp|P37837|TALDO_HUMAN,P37837,40,25,-15
sp|P46821|MAP1B_HUMAN,P46821,42,27,-15
sp|P49588|SYAC_HUMAN,P49588,43,28,-15
sp|P55072|TERA_HUMAN,P55072,58,43,-15
sp|Q02790|FKBP4_HUMAN,Q02790,32,17,-15
sp|Q96TA1|NIBA2_HUMAN,Q96TA1,27,12,-15
sp|O14818|PSA7_HUMAN,O14818,25,11,-14
sp|O60271|JIP4_HUMAN,O60271,16,2,-14
sp|O60701|UGDH_HUMAN,O60701,58,44,-14
sp|P09211|GSTP1_HUMAN,P09211,38,24,-14
sp|P12270|TPR_HUMAN,P12270,48,34,-14
sp|P18669|PGAM1_HUMAN,P18669,41,27,-14
sp|P20810|ICAL_HUMAN,P20810,30,16,-14
sp|P23588|IF4B_HUMAN,P23588,19,5,-14
sp|P26038|MOES_HUMAN,P26038,61,47,-14
sp|P30043|BLVRB_HUMAN,P30043,29,15,-14
sp|P38159|RBMX_HUMAN,P38159,32,18,-14
sp|P54727|RD23B_HUMAN,P54727,22,8,-14
sp|P68104|EF1A1_HUMAN,P68104,70,56,-14
sp|Q04637|IF4G1_HUMAN,Q04637,25,11,-14
sp|Q14789|GOGB1_HUMAN,Q14789,18,4,-14
sp|Q8IVT2|MISP_HUMAN,Q8IVT2,16,2,-14
sp|Q8NC51|PAIRB_HUMAN,Q8NC51,22,8,-14
sp|Q8WWM7|ATX2L_HUMAN,Q8WWM7,15,1,-14
sp|Q93052|LPP_HUMAN,Q93052,18,4,-14
sp|Q96HC4|PDLI5_HUMAN,Q96HC4,26,12,-14
sp|P06748|NPM_HUMAN,P06748,51,38,-13
sp|P10809|CH60_HUMAN,P10809,111,98,-13
sp|P14866|HNRPL_HUMAN,P14866,36,23,-13
sp|P15531|NDKA_HUMAN,P15531,31,18,-13
sp|P15559|NQO1_HUMAN,P15559,41,28,-13
sp|P17844|DDX5_HUMAN,P17844,41,28,-13
sp|P26639|SYTC_HUMAN,P26639,29,16,-13
sp|P27824|CALX_HUMAN,P27824,35,22,-13
sp|P40925|MDHC_HUMAN,P40925,28,15,-13
sp|P49721|PSB2_HUMAN,P49721,16,3,-13
sp|P51991|ROA3_HUMAN,P51991,24,11,-13
sp|Q13263|TIF1B_HUMAN,Q13263,29,16,-13
sp|Q14157|UBP2L_HUMAN,Q14157,19,6,-13
sp|Q15459|SF3A1_HUMAN,Q15459,23,10,-13
sp|Q15691|MARE1_HUMAN,Q15691,23,10,-13
sp|Q15819|UB2V2_HUMAN,Q15819,13,0,-13
sp|Q3LXA3|TKFC_HUMAN,Q3LXA3,16,3,-13
sp|Q8TAQ2|SMRC2_HUMAN,Q8TAQ2,18,5,-13
sp|Q9Y520|PRC2C_HUMAN,Q9Y520,13,0,-13
sp|O43390|HNRPR_HUMAN,O43390,36,24,-12
sp|P05198|IF2A_HUMAN,P05198,21,9,-12
sp|P07951|TPM2_HUMAN,P07951,18,6,-12
sp|P09960|LKHA4_HUMAN,P09960,28,16,-12
sp|P31942|HNRH3_HUMAN,P31942,19,7,-12
sp|P46783|RS10_HUMAN,P46783,25,13,-12
sp|P49368|TCPG_HUMAN,P49368,42,30,-12
sp|P61158|ARP3_HUMAN,P61158,27,15,-12
sp|Q01469|FABP5_HUMAN,Q01469,25,13,-12
sp|Q01581|HMCS1_HUMAN,Q01581,19,7,-12
sp|Q07157|ZO1_HUMAN,Q07157,19,7,-12
sp|Q07866|KLC1_HUMAN,Q07866,14,2,-12
sp|Q13596|SNX1_HUMAN,Q13596,18,6,-12
sp|Q14103|HNRPD_HUMAN,Q14103,28,16,-12
sp|Q15424|SAFB1_HUMAN,Q15424,15,3,-12
sp|Q16851|UGPA_HUMAN,Q16851,20,8,-12
sp|Q8WUM4|PDC6I_HUMAN,Q8WUM4,39,27,-12
sp|Q99615|DNJC7_HUMAN,Q99615,23,11,-12
sp|O14745|NHRF1_HUMAN,O14745,12,1,-11
sp|O75116|ROCK2_HUMAN,O75116,14,3,-11
sp|P09104|ENOG_HUMAN,P09104,16,5,-11
sp|P0DP23|CALM1_HUMAN,P0DP23,34,23,-11
sp|P13489|RINI_HUMAN,P13489,31,20,-11
sp|P21291|CSRP1_HUMAN,P21291,18,7,-11
sp|P22061|PIMT_HUMAN,P22061,14,3,-11
sp|P27695|APEX1_HUMAN,P27695,21,10,-11
sp|P30838|AL3A1_HUMAN,P30838,105,94,-11
sp|P31946|1433B_HUMAN,P31946,23,12,-11
sp|P50991|TCPD_HUMAN,P50991,35,24,-11
sp|P52292|IMA1_HUMAN,P52292,18,7,-11
sp|P52594|AGFG1_HUMAN,P52594,11,0,-11
sp|P53396|ACLY_HUMAN,P53396,68,57,-11
sp|P62140|PP1B_HUMAN,P62140,15,4,-11
sp|P62333|PRS10_HUMAN,P62333,26,15,-11
sp|P62979|RS27A_HUMAN,P62979,47,36,-11
sp|Q14914|PTGR1_HUMAN,Q14914,24,13,-11
sp|Q15181|IPYR_HUMAN,Q15181,19,8,-11
sp|Q15942|ZYX_HUMAN,Q15942,11,0,-11
sp|Q16401|PSMD5_HUMAN,Q16401,15,4,-11
sp|Q8N163|CCAR2_HUMAN,Q8N163,20,9,-11
sp|Q96FW1|OTUB1_HUMAN,Q96FW1,18,7,-11
sp|Q9BQE3|TBA1C_HUMAN,Q9BQE3,78,67,-11
sp|Q9UHD8|SEPT9_HUMAN,Q9UHD8,25,14,-11
sp|Q9ULC4|MCTS1_HUMAN,Q9ULC4,11,0,-11
sp|Q9UNF0|PACN2_HUMAN,Q9UNF0,16,5,-11
sp|Q9Y266|NUDC_HUMAN,Q9Y266,17,6,-11
sp|O60506|HNRPQ_HUMAN,O60506,21,11,-10
sp|O95817|BAG3_HUMAN,O95817,10,0,-10
sp|P00390|GSHR_HUMAN,P00390,31,21,-10
sp|P00441|SODC_HUMAN,P00441,14,4,-10
sp|P04792|HSPB1_HUMAN,P04792,38,28,-10
sp|P07814|SYEP_HUMAN,P07814,32,22,-10
sp|P08758|ANXA5_HUMAN,P08758,33,23,-10
sp|P10599|THIO_HUMAN,P10599,28,18,-10
sp|P11940|PABP1_HUMAN,P11940,41,31,-10
sp|P14550|AK1A1_HUMAN,P14550,25,15,-10
sp|P15311|EZRI_HUMAN,P15311,27,17,-10
sp|P17174|AATC_HUMAN,P17174,16,6,-10
sp|P17980|PRS6A_HUMAN,P17980,26,16,-10
sp|P20290|BTF3_HUMAN,P20290,11,1,-10
sp|P25786|PSA1_HUMAN,P25786,24,14,-10
sp|P27348|1433T_HUMAN,P27348,39,29,-10
sp|P39019|RS19_HUMAN,P39019,25,15,-10
sp|P39687|AN32A_HUMAN,P39687,19,9,-10
sp|P48637|GSHB_HUMAN,P48637,15,5,-10
sp|P49915|GUAA_HUMAN,P49915,21,11,-10
sp|P50570|DYN2_HUMAN,P50570,19,9,-10
sp|P62195|PRS8_HUMAN,P62195,21,11,-10
sp|P68036|UB2L3_HUMAN,P68036,10,0,-10
sp|P82979|SARNP_HUMAN,P82979,15,5,-10
sp|Q00341|VIGLN_HUMAN,Q00341,16,6,-10
sp|Q02952|AKA12_HUMAN,Q02952,11,1,-10
sp|Q06323|PSME1_HUMAN,Q06323,18,8,-10
sp|Q13283|G3BP1_HUMAN,Q13283,22,12,-10
sp|Q13435|SF3B2_HUMAN,Q13435,19,9,-10
sp|Q13561|DCTN2_HUMAN,Q13561,18,8,-10
sp|Q14847|LASP1_HUMAN,Q14847,23,13,-10
sp|Q96PK6|RBM14_HUMAN,Q96PK6,21,11,-10
sp|Q99497|PARK7_HUMAN,Q99497,26,16,-10
sp|Q9BWD1|THIC_HUMAN,Q9BWD1,17,7,-10
sp|Q9HC38|GLOD4_HUMAN,Q9HC38,19,9,-10
sp|Q9NZU5|LMCD1_HUMAN,Q9NZU5,10,0,-10
sp|Q9UBT2|SAE2_HUMAN,Q9UBT2,20,10,-10
sp|Q9UL46|PSME2_HUMAN,Q9UL46,17,7,-10
sp|Q9UNZ2|NSF1C_HUMAN,Q9UNZ2,19,9,-10
sp|A0MZ66|SHOT1_HUMAN,A0MZ66,9,0,-9
sp|O00429|DNM1L_HUMAN,O00429,15,6,-9
sp|O14776|TCRG1_HUMAN,O14776,14,5,-9
sp|O60749|SNX2_HUMAN,O60749,12,3,-9
sp|O60763|USO1_HUMAN,O60763,19,10,-9
sp|O75083|WDR1_HUMAN,O75083,37,28,-9
sp|O75531|BAF_HUMAN,O75531,17,8,-9
sp|O95433|AHSA1_HUMAN,O95433,13,4,-9
sp|P00491|PNPH_HUMAN,P00491,14,5,-9
sp|P07602|SAP_HUMAN,P07602,15,6,-9
sp|P07942|LAMB1_HUMAN,P07942,18,9,-9
sp|P11717|MPRI_HUMAN,P11717,11,2,-9
sp|P13693|TCTP_HUMAN,P13693,20,11,-9
sp|P15428|PGDH_HUMAN,P15428,14,5,-9
sp|P15927|RFA2_HUMAN,P15927,9,0,-9
sp|P16949|STMN1_HUMAN,P16949,18,9,-9
sp|P23193|TCEA1_HUMAN,P23193,17,8,-9
sp|P28838|AMPL_HUMAN,P28838,20,11,-9
sp|P31943|HNRH1_HUMAN,P31943,36,27,-9
sp|P35241|RADI_HUMAN,P35241,19,10,-9
sp|P38646|GRP75_HUMAN,P38646,80,71,-9
sp|P40227|TCPZ_HUMAN,P40227,31,22,-9
sp|P40926|MDHM_HUMAN,P40926,55,46,-9
sp|P43243|MATR3_HUMAN,P43243,25,16,-9
sp|P43686|PRS6B_HUMAN,P43686,19,10,-9
sp|P48163|MAOX_HUMAN,P48163,18,9,-9
sp|P49321|NASP_HUMAN,P49321,18,9,-9
sp|P49757|NUMB_HUMAN,P49757,9,0,-9
sp|P53992|SC24C_HUMAN,P53992,11,2,-9
sp|P60842|IF4A1_HUMAN,P60842,42,33,-9
sp|P61289|PSME3_HUMAN,P61289,20,11,-9
sp|P62328|TYB4_HUMAN,P62328,24,15,-9
sp|P62826|RAN_HUMAN,P62826,32,23,-9
sp|Q14244|MAP7_HUMAN,Q14244,9,0,-9
sp|Q14974|IMB1_HUMAN,Q14974,31,22,-9
sp|Q15717|ELAV1_HUMAN,Q15717,20,11,-9
sp|Q16658|FSCN1_HUMAN,Q16658,19,10,-9
sp|Q16891|MIC60_HUMAN,Q16891,44,35,-9
sp|Q53FA7|QORX_HUMAN,Q53FA7,15,6,-9
sp|Q6IBS0|TWF2_HUMAN,Q6IBS0,9,0,-9
sp|Q8WX93|PALLD_HUMAN,Q8WX93,14,5,-9
sp|Q96KR1|ZFR_HUMAN,Q96KR1,9,0,-9
sp|Q99439|CNN2_HUMAN,Q99439,9,0,-9
sp|Q99543|DNJC2_HUMAN,Q99543,9,0,-9
sp|Q99733|NP1L4_HUMAN,Q99733,15,6,-9
sp|Q9BXP5|SRRT_HUMAN,Q9BXP5,14,5,-9
sp|Q9GZZ1|NAA50_HUMAN,Q9GZZ1,10,1,-9
sp|Q9H6S3|ES8L2_HUMAN,Q9H6S3,13,4,-9
sp|Q9UDT6|CLIP2_HUMAN,Q9UDT6,11,2,-9
sp|Q9UMS4|PRP19_HUMAN,Q9UMS4,16,7,-9
sp|O00303|EIF3F_HUMAN,O00303,14,6,-8
sp|O00410|IPO5_HUMAN,O00410,19,11,-8
sp|O00629|IMA3_HUMAN,O00629,10,2,-8
sp|O15067|PUR4_HUMAN,O15067,12,4,-8
sp|O15145|ARPC3_HUMAN,O15145,11,3,-8
sp|O15294|OGT1_HUMAN,O15294,11,3,-8
sp|O43291|SPIT2_HUMAN,O43291,10,2,-8
sp|O60493|SNX3_HUMAN,O60493,9,1,-8
sp|O75347|TBCA_HUMAN,O75347,18,10,-8
sp|O75976|CBPD_HUMAN,O75976,12,4,-8
sp|O94992|HEXI1_HUMAN,O94992,9,1,-8
sp|P00492|HPRT_HUMAN,P00492,15,7,-8
sp|P07195|LDHB_HUMAN,P07195,41,33,-8
sp|P07339|CATD_HUMAN,P07339,26,18,-8
sp|P09012|SNRPA_HUMAN,P09012,15,7,-8
sp|P11766|ADHX_HUMAN,P11766,13,5,-8
sp|P12814|ACTN1_HUMAN,P12814,28,20,-8
sp|P12955|PEPD_HUMAN,P12955,14,6,-8
sp|P14923|PLAK_HUMAN,P14923,35,27,-8
sp|P21399|ACOHC_HUMAN,P21399,19,11,-8
sp|P22392|NDKB_HUMAN,P22392,15,7,-8
sp|P25787|PSA2_HUMAN,P25787,14,6,-8
sp|P28066|PSA5_HUMAN,P28066,15,7,-8
sp|P29692|EF1D_HUMAN,P29692,29,21,-8
sp|P30086|PEBP1_HUMAN,P30086,24,16,-8
sp|P30153|2AAA_HUMAN,P30153,24,16,-8
sp|P35637|FUS_HUMAN,P35637,15,7,-8
sp|P39748|FEN1_HUMAN,P39748,13,5,-8
sp|P48147|PPCE_HUMAN,P48147,10,2,-8
sp|P49589|SYCC_HUMAN,P49589,11,3,-8
sp|P50238|CRIP1_HUMAN,P50238,14,6,-8
sp|P61088|UBE2N_HUMAN,P61088,15,7,-8
sp|P61254|RL26_HUMAN,P61254,8,0,-8
sp|P63208|SKP1_HUMAN,P63208,14,6,-8
sp|Q04760|LGUL_HUMAN,Q04760,19,11,-8
sp|Q08752|PPID_HUMAN,Q08752,8,0,-8
sp|Q12905|ILF2_HUMAN,Q12905,20,12,-8
sp|Q12906|ILF3_HUMAN,Q12906,32,24,-8
sp|Q12929|EPS8_HUMAN,Q12929,8,0,-8
sp|Q13442|HAP28_HUMAN,Q13442,10,2,-8
sp|Q14444|CAPR1_HUMAN,Q14444,13,5,-8
sp|Q15233|NONO_HUMAN,Q15233,36,28,-8
sp|Q15637|SF01_HUMAN,Q15637,9,1,-8
sp|Q16576|RBBP7_HUMAN,Q16576,17,9,-8
sp|Q5JWF2|GNAS1_HUMAN,Q5JWF2,8,0,-8
sp|Q6PUV4|CPLX2_HUMAN,Q6PUV4,11,3,-8
sp|Q71UM5|RS27L_HUMAN,Q71UM5,10,2,-8
sp|Q7L1Q6|5MP2_HUMAN,Q7L1Q6,17,9,-8
sp|Q7Z6Z7|HUWE1_HUMAN,Q7Z6Z7,21,13,-8
sp|Q8IWX8|CHERP_HUMAN,Q8IWX8,10,2,-8
sp|Q96A49|SYAP1_HUMAN,Q96A49,8,0,-8
sp|Q9BYJ9|YTHD1_HUMAN,Q9BYJ9,8,0,-8
sp|Q9BZZ5|API5_HUMAN,Q9BZZ5,9,1,-8
sp|Q9NTZ6|RBM12_HUMAN,Q9NTZ6,10,2,-8
sp|Q9NYL9|TMOD3_HUMAN,Q9NYL9,15,7,-8
sp|Q9UJU6|DBNL_HUMAN,Q9UJU6,15,7,-8
sp|Q9UKV3|ACINU_HUMAN,Q9UKV3,15,7,-8
sp|Q9Y224|RTRAF_HUMAN,Q9Y224,16,8,-8
sp|Q9Y570|PPME1_HUMAN,Q9Y570,9,1,-8
sp|Q9Y617|SERC_HUMAN,Q9Y617,19,11,-8
sp|Q9Y6G9|DC1L1_HUMAN,Q9Y6G9,8,0,-8
sp|O14737|PDCD5_HUMAN,O14737,12,5,-7
sp|O14964|HGS_HUMAN,O14964,13,6,-7
sp|O15347|HMGB3_HUMAN,O15347,11,4,-7
sp|O60256|KPRB_HUMAN,O60256,7,0,-7
sp|O76003|GLRX3_HUMAN,O76003,13,6,-7
sp|O94826|TOM70_HUMAN,O94826,21,14,-7
sp|O95630|STABP_HUMAN,O95630,7,0,-7
sp|P04632|CPNS1_HUMAN,P04632,17,10,-7
sp|P05556|ITB1_HUMAN,P05556,34,27,-7
sp|P06703|S10A6_HUMAN,P06703,19,12,-7
sp|P08865|RSSA_HUMAN,P08865,26,19,-7
sp|P09496|CLCA_HUMAN,P09496,16,9,-7
sp|P09601|HMOX1_HUMAN,P09601,16,9,-7
sp|P0CG39|POTEJ_HUMAN,P0CG39,8,1,-7
sp|P11216|PYGB_HUMAN,P11216,27,20,-7
sp|P12429|ANXA3_HUMAN,P12429,27,20,-7
sp|P14868|SYDC_HUMAN,P14868,27,20,-7
sp|P16152|CBR1_HUMAN,P16152,28,21,-7
sp|P22314|UBA1_HUMAN,P22314,38,31,-7
sp|P24752|THIL_HUMAN,P24752,26,19,-7
sp|P25325|THTM_HUMAN,P25325,15,8,-7
sp|P25398|RS12_HUMAN,P25398,24,17,-7
sp|P25788|PSA3_HUMAN,P25788,19,12,-7
sp|P34949|MPI_HUMAN,P34949,7,0,-7
sp|P35270|SPRE_HUMAN,P35270,16,9,-7
sp|P41091|IF2G_HUMAN,P41091,23,16,-7
sp|P46108|CRK_HUMAN,P46108,7,0,-7
sp|P46379|BAG6_HUMAN,P46379,9,2,-7
sp|P48739|PIPNB_HUMAN,P48739,11,4,-7
sp|P49411|EFTU_HUMAN,P49411,40,33,-7
sp|P49773|HINT1_HUMAN,P49773,14,7,-7
sp|P50502|F10A1_HUMAN,P50502,18,11,-7
sp|P50552|VASP_HUMAN,P50552,16,9,-7
sp|P52565|GDIR1_HUMAN,P52565,22,15,-7
sp|P53367|ARFP1_HUMAN,P53367,10,3,-7
sp|P54920|SNAA_HUMAN,P54920,17,10,-7
sp|P55884|EIF3B_HUMAN,P55884,22,15,-7
sp|P61163|ACTZ_HUMAN,P61163,11,4,-7
sp|P61970|NTF2_HUMAN,P61970,11,4,-7
sp|P62244|RS15A_HUMAN,P62244,18,11,-7
sp|P62316|SMD2_HUMAN,P62316,12,5,-7
sp|P62841|RS15_HUMAN,P62841,9,2,-7
sp|P62993|GRB2_HUMAN,P62993,10,3,-7
sp|P63173|RL38_HUMAN,P63173,14,7,-7
sp|P63220|RS21_HUMAN,P63220,13,6,-7
sp|P63241|IF5A1_HUMAN,P63241,24,17,-7
sp|P69849|NOMO3_HUMAN,P69849,14,7,-7
sp|P78344|IF4G2_HUMAN,P78344,12,5,-7
sp|P78417|GSTO1_HUMAN,P78417,18,11,-7
sp|P98175|RBM10_HUMAN,P98175,7,0,-7
sp|Q01105|SET_HUMAN,Q01105,19,12,-7
sp|Q01844|EWS_HUMAN,Q01844,10,3,-7
sp|Q08378|GOGA3_HUMAN,Q08378,7,0,-7
sp|Q12904|AIMP1_HUMAN,Q12904,17,10,-7
sp|Q13509|TBB3_HUMAN,Q13509,21,14,-7
sp|Q14116|IL18_HUMAN,Q14116,8,1,-7
sp|Q14671|PUM1_HUMAN,Q14671,7,0,-7
sp|Q15019|SEPT2_HUMAN,Q15019,16,9,-7
sp|Q16181|SEPT7_HUMAN,Q16181,17,10,-7
sp|Q6YHK3|CD109_HUMAN,Q6YHK3,10,3,-7
sp|Q86X76|NIT1_HUMAN,Q86X76,9,2,-7
sp|Q8IWZ3|ANKH1_HUMAN,Q8IWZ3,7,0,-7
sp|Q8N8S7|ENAH_HUMAN,Q8N8S7,8,1,-7
sp|Q8NFQ8|TOIP2_HUMAN,Q8NFQ8,7,0,-7
sp|Q92688|AN32B_HUMAN,Q92688,11,4,-7
sp|Q92896|GSLG1_HUMAN,Q92896,28,21,-7
sp|Q96I24|FUBP3_HUMAN,Q96I24,15,8,-7
sp|Q96KP4|CNDP2_HUMAN,Q96KP4,16,9,-7
sp|Q96T51|RUFY1_HUMAN,Q96T51,7,0,-7
sp|Q99471|PFD5_HUMAN,Q99471,10,3,-7
sp|Q9H074|PAIP1_HUMAN,Q9H074,7,0,-7
sp|Q9HB71|CYBP_HUMAN,Q9HB71,20,13,-7
sp|Q9NQR4|NIT2_HUMAN,Q9NQR4,16,9,-7
sp|Q9NR56|MBNL1_HUMAN,Q9NR56,8,1,-7
sp|Q9NZI8|IF2B1_HUMAN,Q9NZI8,23,16,-7
sp|Q9NZL4|HPBP1_HUMAN,Q9NZL4,7,0,-7
sp|Q9UBI1|COMD3_HUMAN,Q9UBI1,7,0,-7
sp|Q9UGI8|TES_HUMAN,Q9UGI8,10,3,-7
sp|Q9UHX1|PUF60_HUMAN,Q9UHX1,16,9,-7
sp|Q9UMX0|UBQL1_HUMAN,Q9UMX0,11,4,-7
sp|Q9UNM6|PSD13_HUMAN,Q9UNM6,25,18,-7
sp|Q9Y6E0|STK24_HUMAN,Q9Y6E0,10,3,-7
sp|O00425|IF2B3_HUMAN,O00425,12,6,-6
sp|O15143|ARC1B_HUMAN,O15143,16,10,-6
sp|O43169|CYB5B_HUMAN,O43169,14,8,-6
sp|O43847|NRDC_HUMAN,O43847,6,0,-6
sp|O75410|TACC1_HUMAN,O75410,6,0,-6
sp|O75821|EIF3G_HUMAN,O75821,11,5,-6
sp|O75822|EIF3J_HUMAN,O75822,7,1,-6
sp|O94903|PLPHP_HUMAN,O94903,6,0,-6
sp|O95336|6PGL_HUMAN,O95336,12,6,-6
sp|O95757|HS74L_HUMAN,O95757,9,3,-6
sp|P00813|ADA_HUMAN,P00813,8,2,-6
sp|P04183|KITH_HUMAN,P04183,6,0,-6
sp|P06753|TPM3_HUMAN,P06753,13,7,-6
sp|P07108|ACBP_HUMAN,P07108,16,10,-6
sp|P08754|GNAI3_HUMAN,P08754,10,4,-6
sp|P21283|VATC1_HUMAN,P21283,10,4,-6
sp|P31153|METK2_HUMAN,P31153,19,13,-6
sp|P31949|S10AB_HUMAN,P31949,21,15,-6
sp|P33240|CSTF2_HUMAN,P33240,8,2,-6
sp|P33316|DUT_HUMAN,P33316,9,3,-6
sp|P35354|PGH2_HUMAN,P35354,12,6,-6
sp|P36405|ARL3_HUMAN,P36405,8,2,-6
sp|P42224|STAT1_HUMAN,P42224,21,15,-6
sp|P42892|ECE1_HUMAN,P42892,8,2,-6
sp|P45973|CBX5_HUMAN,P45973,10,4,-6
sp|P46940|IQGA1_HUMAN,P46940,46,40,-6
sp|P49189|AL9A1_HUMAN,P49189,15,9,-6
sp|P51665|PSMD7_HUMAN,P51665,11,5,-6
sp|P52294|IMA5_HUMAN,P52294,6,0,-6
sp|P60981|DEST_HUMAN,P60981,25,19,-6
sp|P61457|PHS_HUMAN,P61457,10,4,-6
sp|P61916|NPC2_HUMAN,P61916,9,3,-6
sp|P62310|LSM3_HUMAN,P62310,6,0,-6
sp|P62633|CNBP_HUMAN,P62633,11,5,-6
sp|P63313|TYB10_HUMAN,P63313,22,16,-6
sp|P84090|ERH_HUMAN,P84090,16,10,-6
sp|P85037|FOXK1_HUMAN,P85037,6,0,-6
sp|Q00653|NFKB2_HUMAN,Q00653,9,3,-6
sp|Q00688|FKBP3_HUMAN,Q00688,17,11,-6
sp|Q00796|DHSO_HUMAN,Q00796,7,1,-6
sp|Q05682|CALD1_HUMAN,Q05682,7,1,-6
sp|Q06124|PTN11_HUMAN,Q06124,7,1,-6
sp|Q07666|KHDR1_HUMAN,Q07666,9,3,-6
sp|Q12765|SCRN1_HUMAN,Q12765,8,2,-6
sp|Q12860|CNTN1_HUMAN,Q12860,13,7,-6
sp|Q12874|SF3A3_HUMAN,Q12874,10,4,-6
sp|Q13123|RED_HUMAN,Q13123,7,1,-6
sp|Q13177|PAK2_HUMAN,Q13177,10,4,-6
sp|Q13185|CBX3_HUMAN,Q13185,13,7,-6
sp|Q13363|CTBP1_HUMAN,Q13363,10,4,-6
sp|Q13439|GOGA4_HUMAN,Q13439,6,0,-6
sp|Q13443|ADAM9_HUMAN,Q13443,9,3,-6
sp|Q13451|FKBP5_HUMAN,Q13451,6,0,-6
sp|Q13618|CUL3_HUMAN,Q13618,6,0,-6
sp|Q13867|BLMH_HUMAN,Q13867,7,1,-6
sp|Q14151|SAFB2_HUMAN,Q14151,6,0,-6
sp|Q15056|IF4H_HUMAN,Q15056,11,5,-6
sp|Q15102|PA1B3_HUMAN,Q15102,14,8,-6
sp|Q15257|PTPA_HUMAN,Q15257,9,3,-6
sp|Q15404|RSU1_HUMAN,Q15404,6,0,-6
sp|Q15904|VAS1_HUMAN,Q15904,6,0,-6
sp|Q32MZ4|LRRF1_HUMAN,Q32MZ4,9,3,-6
sp|Q53H82|LACB2_HUMAN,Q53H82,17,11,-6
sp|Q5T6F2|UBAP2_HUMAN,Q5T6F2,6,0,-6
sp|Q6Y7W6|GGYF2_HUMAN,Q6Y7W6,6,0,-6
sp|Q71RC2|LARP4_HUMAN,Q71RC2,6,0,-6
sp|Q8IWE2|NXP20_HUMAN,Q8IWE2,6,0,-6
sp|Q8N1G4|LRC47_HUMAN,Q8N1G4,10,4,-6
sp|Q8TBA6|GOGA5_HUMAN,Q8TBA6,6,0,-6
sp|Q8TBC4|UBA3_HUMAN,Q8TBC4,7,1,-6
sp|Q92734|TFG_HUMAN,Q92734,10,4,-6
sp|Q92890|UFD1_HUMAN,Q92890,9,3,-6
sp|Q92979|NEP1_HUMAN,Q92979,6,0,-6
sp|Q96FV2|SCRN2_HUMAN,Q96FV2,6,0,-6
sp|Q96GX9|MTNB_HUMAN,Q96GX9,6,0,-6
sp|Q99598|TSNAX_HUMAN,Q99598,8,2,-6
sp|Q9BT78|CSN4_HUMAN,Q9BT78,10,4,-6
sp|Q9BTE3|MCMBP_HUMAN,Q9BTE3,7,1,-6
sp|Q9BWF3|RBM4_HUMAN,Q9BWF3,11,5,-6
sp|Q9BZE9|ASPC1_HUMAN,Q9BZE9,6,0,-6
sp|Q9H098|F107B_HUMAN,Q9H098,9,3,-6
sp|Q9H3S7|PTN23_HUMAN,Q9H3S7,6,0,-6
sp|Q9H4A4|AMPB_HUMAN,Q9H4A4,21,15,-6
sp|Q9H6T3|RPAP3_HUMAN,Q9H6T3,8,2,-6
sp|Q9HB07|MYG1_HUMAN,Q9HB07,11,5,-6
sp|Q9NQG5|RPR1B_HUMAN,Q9NQG5,9,3,-6
sp|Q9NR45|SIAS_HUMAN,Q9NR45,11,5,-6
sp|Q9NVA2|SEP11_HUMAN,Q9NVA2,14,8,-6
sp|Q9NXG2|THUM1_HUMAN,Q9NXG2,9,3,-6
sp|Q9UBB4|ATX10_HUMAN,Q9UBB4,7,1,-6
sp|Q9UBE0|SAE1_HUMAN,Q9UBE0,14,8,-6
sp|Q9UBQ0|VPS29_HUMAN,Q9UBQ0,7,1,-6
sp|Q9UHV9|PFD2_HUMAN,Q9UHV9,6,0,-6
sp|Q9UI30|TR112_HUMAN,Q9UI30,8,2,-6
sp|Q9UKX7|NUP50_HUMAN,Q9UKX7,8,2,-6
sp|Q9UNH7|SNX6_HUMAN,Q9UNH7,13,7,-6
sp|Q9Y2W2|WBP11_HUMAN,Q9Y2W2,6,0,-6
sp|Q9Y314|NOSIP_HUMAN,Q9Y314,6,0,-6
sp|Q9Y4X5|ARI1_HUMAN,Q9Y4X5,6,0,-6
sp|Q9Y5K6|CD2AP_HUMAN,Q9Y5K6,8,2,-6
sp|O00233|PSMD9_HUMAN,O00233,8,3,-5
sp|O00299|CLIC1_HUMAN,O00299,20,15,-5
sp|O14639|ABLM1_HUMAN,O14639,5,0,-5
sp|O14828|SCAM3_HUMAN,O14828,9,4,-5
sp|O14974|MYPT1_HUMAN,O14974,8,3,-5
sp|O15305|PMM2_HUMAN,O15305,11,6,-5
sp|O43592|XPOT_HUMAN,O43592,5,0,-5
sp|O43660|PLRG1_HUMAN,O43660,5,0,-5
sp|O60610|DIAP1_HUMAN,O60610,9,4,-5
sp|O60925|PFD1_HUMAN,O60925,6,1,-5
sp|O75534|CSDE1_HUMAN,O75534,15,10,-5
sp|O94979|SC31A_HUMAN,O94979,11,6,-5
sp|O95486|SC24A_HUMAN,O95486,6,1,-5
sp|P00505|AATM_HUMAN,P00505,35,30,-5
sp|P01130|LDLR_HUMAN,P01130,9,4,-5
sp|P02795|MT2_HUMAN,P02795,5,0,-5
sp|P06280|AGAL_HUMAN,P06280,8,3,-5
sp|P06493|CDK1_HUMAN,P06493,17,12,-5
sp|P06737|PYGL_HUMAN,P06737,11,6,-5
sp|P07711|CATL1_HUMAN,P07711,5,0,-5
sp|P08621|RU17_HUMAN,P08621,19,14,-5
sp|P09417|DHPR_HUMAN,P09417,8,3,-5
sp|P09525|ANXA4_HUMAN,P09525,63,58,-5
sp|P14324|FPPS_HUMAN,P14324,9,4,-5
sp|P14678|RSMB_HUMAN,P14678,15,10,-5
sp|P16989|YBOX3_HUMAN,P16989,5,0,-5
sp|P18084|ITB5_HUMAN,P18084,17,12,-5
sp|P20042|IF2B_HUMAN,P20042,15,10,-5
sp|P20073|ANXA7_HUMAN,P20073,21,16,-5
sp|P22692|IBP4_HUMAN,P22692,5,0,-5
sp|P23526|SAHH_HUMAN,P23526,27,22,-5
sp|P23919|KTHY_HUMAN,P23919,14,9,-5
sp|P25685|DNJB1_HUMAN,P25685,12,7,-5
sp|P26641|EF1G_HUMAN,P26641,36,31,-5
sp|P28482|MK01_HUMAN,P28482,7,2,-5
sp|P29218|IMPA1_HUMAN,P29218,7,2,-5
sp|P30046|DOPD_HUMAN,P30046,8,3,-5
sp|P31947|1433S_HUMAN,P31947,10,5,-5
sp|P34896|GLYC_HUMAN,P34896,7,2,-5
sp|P41567|EIF1_HUMAN,P41567,5,0,-5
sp|P45974|UBP5_HUMAN,P45974,13,8,-5
sp|P48506|GSH1_HUMAN,P48506,15,10,-5
sp|P49419|AL7A1_HUMAN,P49419,21,16,-5
sp|P49750|YLPM1_HUMAN,P49750,10,5,-5
sp|P50995|ANX11_HUMAN,P50995,31,26,-5
sp|P53999|TCP4_HUMAN,P53999,13,8,-5
sp|P55036|PSMD4_HUMAN,P55036,16,11,-5
sp|P55263|ADK_HUMAN,P55263,7,2,-5
sp|P60660|MYL6_HUMAN,P60660,19,14,-5
sp|P61081|UBC12_HUMAN,P61081,9,4,-5
sp|P61513|RL37A_HUMAN,P61513,8,3,-5
sp|P63167|DYL1_HUMAN,P63167,10,5,-5
sp|P80723|BASP1_HUMAN,P80723,18,13,-5
sp|P83916|CBX1_HUMAN,P83916,9,4,-5
sp|P98179|RBM3_HUMAN,P98179,8,3,-5
sp|Q01518|CAP1_HUMAN,Q01518,25,20,-5
sp|Q04917|1433F_HUMAN,Q04917,14,9,-5
sp|Q12907|LMAN2_HUMAN,Q12907,11,6,-5
sp|Q12972|PP1R8_HUMAN,Q12972,5,0,-5
sp|Q13155|AIMP2_HUMAN,Q13155,7,2,-5
sp|Q13501|SQSTM_HUMAN,Q13501,8,3,-5
sp|Q13526|PIN1_HUMAN,Q13526,5,0,-5
sp|Q13586|STIM1_HUMAN,Q13586,13,8,-5
sp|Q13907|IDI1_HUMAN,Q13907,7,2,-5
sp|Q14008|CKAP5_HUMAN,Q14008,11,6,-5
sp|Q15417|CNN3_HUMAN,Q15417,8,3,-5
sp|Q15435|PP1R7_HUMAN,Q15435,5,0,-5
sp|Q16204|CCDC6_HUMAN,Q16204,8,3,-5
sp|Q5T1M5|FKB15_HUMAN,Q5T1M5,5,0,-5
sp|Q5VTR2|BRE1A_HUMAN,Q5VTR2,5,0,-5
sp|Q7L9L4|MOB1B_HUMAN,Q7L9L4,5,0,-5
sp|Q8IX12|CCAR1_HUMAN,Q8IX12,11,6,-5
sp|Q8IZP0|ABI1_HUMAN,Q8IZP0,6,1,-5
sp|Q8ND56|LS14A_HUMAN,Q8ND56,9,4,-5
sp|Q8NFH5|NUP35_HUMAN,Q8NFH5,6,1,-5
sp|Q8WU90|ZC3HF_HUMAN,Q8WU90,5,0,-5
sp|Q8WXF1|PSPC1_HUMAN,Q8WXF1,12,7,-5
sp|Q92615|LAR4B_HUMAN,Q92615,5,0,-5
sp|Q96A72|MGN2_HUMAN,Q96A72,5,0,-5
sp|Q96BN8|OTUL_HUMAN,Q96BN8,5,0,-5
sp|Q96C19|EFHD2_HUMAN,Q96C19,9,4,-5
sp|Q96C86|DCPS_HUMAN,Q96C86,5,0,-5
sp|Q96CV9|OPTN_HUMAN,Q96CV9,5,0,-5
sp|Q96PD2|DCBD2_HUMAN,Q96PD2,7,2,-5
sp|Q96QK1|VPS35_HUMAN,Q96QK1,15,10,-5
sp|Q99417|MYCBP_HUMAN,Q99417,6,1,-5
sp|Q99426|TBCB_HUMAN,Q99426,13,8,-5
sp|Q99832|TCPH_HUMAN,Q99832,28,23,-5
sp|Q9BRA2|TXD17_HUMAN,Q9BRA2,10,5,-5
sp|Q9BRX5|PSF3_HUMAN,Q9BRX5,5,0,-5
sp|Q9BXJ9|NAA15_HUMAN,Q9BXJ9,12,7,-5
sp|Q9BY32|ITPA_HUMAN,Q9BY32,9,4,-5
sp|Q9GZP8|IMUP_HUMAN,Q9GZP8,7,2,-5
sp|Q9H0W9|CK054_HUMAN,Q9H0W9,5,0,-5
sp|Q9H910|JUPI2_HUMAN,Q9H910,10,5,-5
sp|Q9HCD5|NCOA5_HUMAN,Q9HCD5,5,0,-5
sp|Q9HD15|SRA1_HUMAN,Q9HD15,5,0,-5
sp|Q9NPA8|ENY2_HUMAN,Q9NPA8,7,2,-5
sp|Q9NTK5|OLA1_HUMAN,Q9NTK5,15,10,-5
sp|Q9P2N5|RBM27_HUMAN,Q9P2N5,5,0,-5
sp|Q9UBQ5|EIF3K_HUMAN,Q9UBQ5,7,2,-5
sp|Q9UH65|SWP70_HUMAN,Q9UH65,6,1,-5
sp|Q9UN86|G3BP2_HUMAN,Q9UN86,8,3,-5
sp|Q9UNN8|EPCR_HUMAN,Q9UNN8,7,2,-5
sp|Q9Y5A9|YTHD2_HUMAN,Q9Y5A9,5,0,-5
sp|Q9Y5M8|SRPRB_HUMAN,Q9Y5M8,9,4,-5
sp|P23527|H2B1O_HUMAN,P23527,5,0,-5
sp|A6NDG6|PGP_HUMAN,A6NDG6,7,3,-4
sp|E9PAV3|NACAM_HUMAN,E9PAV3,9,5,-4
sp|L0R6Q1|S35U4_HUMAN,L0R6Q1,4,0,-4
sp|O00151|PDLI1_HUMAN,O00151,19,15,-4
sp|O00244|ATOX1_HUMAN,O00244,7,3,-4
sp|O00401|WASL_HUMAN,O00401,5,1,-4
sp|O00487|PSDE_HUMAN,O00487,9,5,-4
sp|O14744|ANM5_HUMAN,O14744,8,4,-4
sp|O14933|UB2L6_HUMAN,O14933,4,0,-4
sp|O14949|QCR8_HUMAN,O14949,7,3,-4
sp|O14950|ML12B_HUMAN,O14950,18,14,-4
sp|O15027|SC16A_HUMAN,O15027,4,0,-4
sp|O15372|EIF3H_HUMAN,O15372,8,4,-4
sp|O15460|P4HA2_HUMAN,O15460,10,6,-4
sp|O43175|SERA_HUMAN,O43175,10,6,-4
sp|O43447|PPIH_HUMAN,O43447,4,0,-4
sp|O43670|ZN207_HUMAN,O43670,6,2,-4
sp|O60664|PLIN3_HUMAN,O60664,17,13,-4
sp|O60934|NBN_HUMAN,O60934,4,0,-4
sp|O60936|NOL3_HUMAN,O60936,4,0,-4
sp|O75351|VPS4B_HUMAN,O75351,6,2,-4
sp|O75688|PPM1B_HUMAN,O75688,5,1,-4
sp|O75937|DNJC8_HUMAN,O75937,6,2,-4
sp|O94925|GLSK_HUMAN,O94925,23,19,-4
sp|O95359|TACC2_HUMAN,O95359,4,0,-4
sp|O95361|TRI16_HUMAN,O95361,8,4,-4
sp|O95865|DDAH2_HUMAN,O95865,5,1,-4
sp|P04080|CYTB_HUMAN,P04080,10,6,-4
sp|P05026|AT1B1_HUMAN,P05026,11,7,-4
sp|P05067|A4_HUMAN,P05067,4,0,-4
sp|P05387|RLA2_HUMAN,P05387,30,26,-4
sp|P07741|APT_HUMAN,P07741,11,7,-4
sp|P07910|HNRPC_HUMAN,P07910,33,29,-4
sp|P07919|QCR6_HUMAN,P07919,6,2,-4
sp|P08069|IGF1R_HUMAN,P08069,4,0,-4
sp|P08133|ANXA6_HUMAN,P08133,25,21,-4
sp|P09972|ALDOC_HUMAN,P09972,15,11,-4
sp|P10768|ESTD_HUMAN,P10768,9,5,-4
sp|P11233|RALA_HUMAN,P11233,5,1,-4
sp|P13798|ACPH_HUMAN,P13798,6,2,-4
sp|P13861|KAP2_HUMAN,P13861,6,2,-4
sp|P15170|ERF3A_HUMAN,P15170,19,15,-4
sp|P23381|SYWC_HUMAN,P23381,15,11,-4
sp|P24534|EF1B_HUMAN,P24534,14,10,-4
sp|P26196|DDX6_HUMAN,P26196,13,9,-4
sp|P26440|IVD_HUMAN,P26440,4,0,-4
sp|P26447|S10A4_HUMAN,P26447,28,24,-4
sp|P27144|KAD4_HUMAN,P27144,4,0,-4
sp|P29353|SHC1_HUMAN,P29353,5,1,-4
sp|P30085|KCY_HUMAN,P30085,10,6,-4
sp|P30419|NMT1_HUMAN,P30419,8,4,-4
sp|P30622|CLIP1_HUMAN,P30622,7,3,-4
sp|P31150|GDIA_HUMAN,P31150,8,4,-4
sp|P35221|CTNA1_HUMAN,P35221,33,29,-4
sp|P35232|PHB1_HUMAN,P35232,24,20,-4
sp|P37108|SRP14_HUMAN,P37108,8,4,-4
sp|P38117|ETFB_HUMAN,P38117,40,36,-4
sp|P40763|STAT3_HUMAN,P40763,10,6,-4
sp|P41223|BUD31_HUMAN,P41223,4,0,-4
sp|P41227|NAA10_HUMAN,P41227,8,4,-4
sp|P41250|GARS_HUMAN,P41250,15,11,-4
sp|P45985|MP2K4_HUMAN,P45985,4,0,-4
sp|P46060|RAGP1_HUMAN,P46060,15,11,-4
sp|P46109|CRKL_HUMAN,P46109,6,2,-4
sp|P46782|RS5_HUMAN,P46782,17,13,-4
sp|P46926|GNPI1_HUMAN,P46926,9,5,-4
sp|P47756|CAPZB_HUMAN,P47756,20,16,-4
sp|P48059|LIMS1_HUMAN,P48059,6,2,-4
sp|P49458|SRP09_HUMAN,P49458,8,4,-4
sp|P49790|NU153_HUMAN,P49790,5,1,-4
sp|P49902|5NTC_HUMAN,P49902,5,1,-4
sp|P51610|HCFC1_HUMAN,P51610,9,5,-4
sp|P52306|GDS1_HUMAN,P52306,4,0,-4
sp|P52564|MP2K6_HUMAN,P52564,4,0,-4
sp|P52888|THOP1_HUMAN,P52888,6,2,-4
sp|P53384|NUBP1_HUMAN,P53384,4,0,-4
sp|P53602|MVD1_HUMAN,P53602,4,0,-4
sp|P53990|IST1_HUMAN,P53990,6,2,-4
sp|P54578|UBP14_HUMAN,P54578,12,8,-4
sp|P54819|KAD2_HUMAN,P54819,15,11,-4
sp|P55010|IF5_HUMAN,P55010,8,4,-4
sp|P55786|PSA_HUMAN,P55786,25,21,-4
sp|P58546|MTPN_HUMAN,P58546,8,4,-4
sp|P60604|UB2G2_HUMAN,P60604,5,1,-4
sp|P61604|CH10_HUMAN,P61604,36,32,-4
sp|P61923|COPZ1_HUMAN,P61923,6,2,-4
sp|P62263|RS14_HUMAN,P62263,18,14,-4
sp|P62273|RS29_HUMAN,P62273,9,5,-4
sp|P62277|RS13_HUMAN,P62277,13,9,-4
sp|P62318|SMD3_HUMAN,P62318,10,6,-4
sp|P63279|UBC9_HUMAN,P63279,8,4,-4
sp|P78318|IGBP1_HUMAN,P78318,4,0,-4
sp|P80188|NGAL_HUMAN,P80188,5,1,-4
sp|P98170|XIAP_HUMAN,P98170,4,0,-4
sp|Q00169|PIPNA_HUMAN,Q00169,5,1,-4
sp|Q03426|KIME_HUMAN,Q03426,4,0,-4
sp|Q05397|FAK1_HUMAN,Q05397,4,0,-4
sp|Q07960|RHG01_HUMAN,Q07960,10,6,-4
sp|Q08209|PP2BA_HUMAN,Q08209,7,3,-4
sp|Q13085|ACACA_HUMAN,Q13085,18,14,-4
sp|Q13242|SRSF9_HUMAN,Q13242,10,6,-4
sp|Q13310|PABP4_HUMAN,Q13310,11,7,-4
sp|Q13418|ILK_HUMAN,Q13418,13,9,-4
sp|Q14019|COTL1_HUMAN,Q14019,19,15,-4
sp|Q14126|DSG2_HUMAN,Q14126,10,6,-4
sp|Q14192|FHL2_HUMAN,Q14192,4,0,-4
sp|Q14258|TRI25_HUMAN,Q14258,9,5,-4
sp|Q14320|FA50A_HUMAN,Q14320,6,2,-4
sp|Q14353|GAMT_HUMAN,Q14353,4,0,-4
sp|Q14651|PLSI_HUMAN,Q14651,12,8,-4
sp|Q14677|EPN4_HUMAN,Q14677,7,3,-4
sp|Q14790|CASP8_HUMAN,Q14790,4,0,-4
sp|Q15046|SYK_HUMAN,Q15046,11,7,-4
sp|Q15075|EEA1_HUMAN,Q15075,11,7,-4
sp|Q15286|RAB35_HUMAN,Q15286,6,2,-4
sp|Q15428|SF3A2_HUMAN,Q15428,6,2,-4
sp|Q15738|NSDHL_HUMAN,Q15738,14,10,-4
sp|Q15785|TOM34_HUMAN,Q15785,6,2,-4
sp|Q15836|VAMP3_HUMAN,Q15836,4,0,-4
sp|Q16543|CDC37_HUMAN,Q16543,13,9,-4
sp|Q16719|KYNU_HUMAN,Q16719,18,14,-4
sp|Q16881|TRXR1_HUMAN,Q16881,32,28,-4
sp|Q27J81|INF2_HUMAN,Q27J81,18,14,-4
sp|Q53EL6|PDCD4_HUMAN,Q53EL6,4,0,-4
sp|Q5SW79|CE170_HUMAN,Q5SW79,4,0,-4
sp|Q70UQ0|IKIP_HUMAN,Q70UQ0,8,4,-4
sp|Q7L576|CYFP1_HUMAN,Q7L576,7,3,-4
sp|Q7Z3B4|NUP54_HUMAN,Q7Z3B4,6,2,-4
sp|Q7Z434|MAVS_HUMAN,Q7Z434,6,2,-4
sp|Q7Z5L9|I2BP2_HUMAN,Q7Z5L9,5,1,-4
sp|Q7Z7K0|COXM1_HUMAN,Q7Z7K0,6,2,-4
sp|Q8IV08|PLD3_HUMAN,Q8IV08,4,0,-4
sp|Q8TAT6|NPL4_HUMAN,Q8TAT6,7,3,-4
sp|Q8WVJ2|NUDC2_HUMAN,Q8WVJ2,5,1,-4
sp|Q8WX92|NELFB_HUMAN,Q8WX92,4,0,-4
sp|Q92783|STAM1_HUMAN,Q92783,7,3,-4
sp|Q92804|RBP56_HUMAN,Q92804,7,3,-4
sp|Q92841|DDX17_HUMAN,Q92841,19,15,-4
sp|Q92879|CELF1_HUMAN,Q92879,8,4,-4
sp|Q92905|CSN5_HUMAN,Q92905,7,3,-4
sp|Q92973|TNPO1_HUMAN,Q92973,13,9,-4
sp|Q969G6|RIFK_HUMAN,Q969G6,4,0,-4
sp|Q969T9|WBP2_HUMAN,Q969T9,4,0,-4
sp|Q96C36|P5CR2_HUMAN,Q96C36,5,1,-4
sp|Q96EK6|GNA1_HUMAN,Q96EK6,4,0,-4
sp|Q96EL3|RM53_HUMAN,Q96EL3,7,3,-4
sp|Q96EP5|DAZP1_HUMAN,Q96EP5,7,3,-4
sp|Q96EY1|DNJA3_HUMAN,Q96EY1,6,2,-4
sp|Q96GK7|FAH2A_HUMAN,Q96GK7,6,2,-4
sp|Q96IU4|ABHEB_HUMAN,Q96IU4,8,4,-4
sp|Q96PC5|MIA2_HUMAN,Q96PC5,7,3,-4
sp|Q99584|S10AD_HUMAN,Q99584,5,1,-4
sp|Q99653|CHP1_HUMAN,Q99653,7,3,-4
sp|Q99700|ATX2_HUMAN,Q99700,5,1,-4
sp|Q99729|ROAA_HUMAN,Q99729,13,9,-4
sp|Q9BQ61|TRIR_HUMAN,Q9BQ61,4,0,-4
sp|Q9BSV6|SEN34_HUMAN,Q9BSV6,4,0,-4
sp|Q9BTC0|DIDO1_HUMAN,Q9BTC0,4,0,-4
sp|Q9BTD8|RBM42_HUMAN,Q9BTD8,4,0,-4
sp|Q9BUL8|PDC10_HUMAN,Q9BUL8,4,0,-4
sp|Q9BV20|MTNA_HUMAN,Q9BV20,5,1,-4
sp|Q9BV57|MTND_HUMAN,Q9BV57,5,1,-4
sp|Q9BVG8|KIFC3_HUMAN,Q9BVG8,8,4,-4
sp|Q9BWJ5|SF3B5_HUMAN,Q9BWJ5,4,0,-4
sp|Q9BY44|EIF2A_HUMAN,Q9BY44,8,4,-4
sp|Q9BY77|PDIP3_HUMAN,Q9BY77,4,0,-4
sp|Q9BYN0|SRXN1_HUMAN,Q9BYN0,5,1,-4
sp|Q9H3U1|UN45A_HUMAN,Q9H3U1,5,1,-4
sp|Q9H4A3|WNK1_HUMAN,Q9H4A3,4,0,-4
sp|Q9H694|BICC1_HUMAN,Q9H694,5,1,-4
sp|Q9H773|DCTP1_HUMAN,Q9H773,7,3,-4
sp|Q9H993|ARMT1_HUMAN,Q9H993,4,0,-4
sp|Q9HD26|GOPC_HUMAN,Q9HD26,4,0,-4
sp|Q9NP97|DLRB1_HUMAN,Q9NP97,7,3,-4
sp|Q9NQW7|XPP1_HUMAN,Q9NQW7,6,2,-4
sp|Q9NRV9|HEBP1_HUMAN,Q9NRV9,6,2,-4
sp|Q9NRX4|PHP14_HUMAN,Q9NRX4,6,2,-4
sp|Q9NUQ9|CYRIB_HUMAN,Q9NUQ9,9,5,-4
sp|Q9NUU7|DD19A_HUMAN,Q9NUU7,8,4,-4
sp|Q9NWV4|CZIB_HUMAN,Q9NWV4,4,0,-4
sp|Q9NX40|OCAD1_HUMAN,Q9NX40,7,3,-4
sp|Q9NX55|HYPK_HUMAN,Q9NX55,4,0,-4
sp|Q9NY27|PP4R2_HUMAN,Q9NY27,4,0,-4
sp|Q9NZL9|MAT2B_HUMAN,Q9NZL9,8,4,-4
sp|Q9P000|COMD9_HUMAN,Q9P000,4,0,-4
sp|Q9P0L0|VAPA_HUMAN,Q9P0L0,13,9,-4
sp|Q9P258|RCC2_HUMAN,Q9P258,13,9,-4
sp|Q9P2T1|GMPR2_HUMAN,Q9P2T1,6,2,-4
sp|Q9UGP4|LIMD1_HUMAN,Q9UGP4,4,0,-4
sp|Q9UGV2|NDRG3_HUMAN,Q9UGV2,6,2,-4
sp|Q9UHR4|BI2L1_HUMAN,Q9UHR4,4,0,-4
sp|Q9UHR5|S30BP_HUMAN,Q9UHR5,4,0,-4
sp|Q9UK41|VPS28_HUMAN,Q9UK41,4,0,-4
sp|Q9UMX5|NENF_HUMAN,Q9UMX5,8,4,-4
sp|Q9UPT5|EXOC7_HUMAN,Q9UPT5,9,5,-4
sp|Q9Y281|COF2_HUMAN,Q9Y281,9,5,-4
sp|Q9Y2H0|DLGP4_HUMAN,Q9Y2H0,4,0,-4
sp|Q9Y2T2|AP3M1_HUMAN,Q9Y2T2,4,0,-4
sp|Q9Y2X7|GIT1_HUMAN,Q9Y2X7,6,2,-4
sp|Q9Y2Z0|SGT1_HUMAN,Q9Y2Z0,7,3,-4
sp|Q9Y399|RT02_HUMAN,Q9Y399,7,3,-4
sp|Q9Y3C6|PPIL1_HUMAN,Q9Y3C6,6,2,-4
sp|Q9Y3F4|STRAP_HUMAN,Q9Y3F4,19,15,-4
sp|Q9Y3I0|RTCB_HUMAN,Q9Y3I0,18,14,-4
sp|Q9Y5X3|SNX5_HUMAN,Q9Y5X3,10,6,-4
sp|Q9Y608|LRRF2_HUMAN,Q9Y608,4,0,-4
sp|Q9Y696|CLIC4_HUMAN,Q9Y696,7,3,-4
sp|Q53FV1|ORML2_HUMAN,Q53FV1,4,0,-4
sp|A8K0Z3|WASH1_HUMAN,A8K0Z3,5,2,-3
sp|A8MWD9|RUXGL_HUMAN,A8MWD9,7,4,-3
sp|A9UHW6|MI4GD_HUMAN,A9UHW6,3,0,-3
sp|O00505|IMA4_HUMAN,O00505,3,0,-3
sp|O14497|ARI1A_HUMAN,O14497,3,0,-3
sp|O14618|CCS_HUMAN,O14618,3,0,-3
sp|O15014|ZN609_HUMAN,O15014,3,0,-3
sp|O15116|LSM1_HUMAN,O15116,3,0,-3
sp|O43324|MCA3_HUMAN,O43324,4,1,-3
sp|O43396|TXNL1_HUMAN,O43396,10,7,-3
sp|O43432|IF4G3_HUMAN,O43432,3,0,-3
sp|O43663|PRC1_HUMAN,O43663,3,0,-3
sp|O43665|RGS10_HUMAN,O43665,3,0,-3
sp|O43765|SGTA_HUMAN,O43765,5,2,-3
sp|O43809|CPSF5_HUMAN,O43809,8,5,-3
sp|O43813|LANC1_HUMAN,O43813,3,0,-3
sp|O43865|SAHH2_HUMAN,O43865,12,9,-3
sp|O60678|ANM3_HUMAN,O60678,3,0,-3
sp|O75312|ZPR1_HUMAN,O75312,3,0,-3
sp|O75348|VATG1_HUMAN,O75348,4,1,-3
sp|O75663|TIPRL_HUMAN,O75663,3,0,-3
sp|O75674|TM1L1_HUMAN,O75674,5,2,-3
sp|O75828|CBR3_HUMAN,O75828,3,0,-3
sp|O75884|RBBP9_HUMAN,O75884,3,0,-3
sp|O75915|PRAF3_HUMAN,O75915,5,2,-3
sp|O75934|SPF27_HUMAN,O75934,3,0,-3
sp|O75935|DCTN3_HUMAN,O75935,3,0,-3
sp|O76031|CLPX_HUMAN,O76031,9,6,-3
sp|O94760|DDAH1_HUMAN,O94760,3,0,-3
sp|O95295|SNAPN_HUMAN,O95295,3,0,-3
sp|O95347|SMC2_HUMAN,O95347,14,11,-3
sp|O95394|AGM1_HUMAN,O95394,4,1,-3
sp|O95639|CPSF4_HUMAN,O95639,3,0,-3
sp|O95816|BAG2_HUMAN,O95816,6,3,-3
sp|O96008|TOM40_HUMAN,O96008,11,8,-3
sp|O96019|ACL6A_HUMAN,O96019,4,1,-3
sp|P00568|KAD1_HUMAN,P00568,6,3,-3
sp|P01889|HLAB_HUMAN,P01889,4,1,-3
sp|P05121|PAI1_HUMAN,P05121,6,3,-3
sp|P05388|RLA0_HUMAN,P05388,22,19,-3
sp|P07311|ACYP1_HUMAN,P07311,3,0,-3
sp|P08579|RU2B_HUMAN,P08579,4,1,-3
sp|P08581|MET_HUMAN,P08581,3,0,-3
sp|P08962|CD63_HUMAN,P08962,6,3,-3
sp|P09661|RU2A_HUMAN,P09661,11,8,-3
sp|P0DMM9|ST1A3_HUMAN,P0DMM9,11,8,-3
sp|P10619|PPGB_HUMAN,P10619,5,2,-3
sp|P11586|C1TC_HUMAN,P11586,43,40,-3
sp|P12004|PCNA_HUMAN,P12004,25,22,-3
sp|P13645|K1C10_HUMAN,P13645,4,1,-3
sp|P13674|P4HA1_HUMAN,P13674,10,7,-3
sp|P13984|T2FB_HUMAN,P13984,3,0,-3
sp|P14174|MIF_HUMAN,P14174,9,6,-3
sp|P16144|ITB4_HUMAN,P16144,17,14,-3
sp|P16930|FAAA_HUMAN,P16930,4,1,-3
sp|P17931|LEG3_HUMAN,P17931,9,6,-3
sp|P18031|PTN1_HUMAN,P18031,7,4,-3
sp|P19224|UD16_HUMAN,P19224,9,6,-3
sp|P19388|RPAB1_HUMAN,P19388,4,1,-3
sp|P19623|SPEE_HUMAN,P19623,7,4,-3
sp|P24666|PPAC_HUMAN,P24666,10,7,-3
sp|P25774|CATS_HUMAN,P25774,4,1,-3
sp|P25789|PSA4_HUMAN,P25789,13,10,-3
sp|P26583|HMGB2_HUMAN,P26583,7,4,-3
sp|P26885|FKBP2_HUMAN,P26885,8,5,-3
sp|P28072|PSB6_HUMAN,P28072,6,3,-3
sp|P30520|PURA2_HUMAN,P30520,11,8,-3
sp|P30533|AMRP_HUMAN,P30533,10,7,-3
sp|P33176|KINH_HUMAN,P33176,21,18,-3
sp|P35237|SPB6_HUMAN,P35237,13,10,-3
sp|P35244|RFA3_HUMAN,P35244,5,2,-3
sp|P35659|DEK_HUMAN,P35659,10,7,-3
sp|P35754|GLRX1_HUMAN,P35754,6,3,-3
sp|P36639|8ODP_HUMAN,P36639,3,0,-3
sp|P36954|RPB9_HUMAN,P36954,3,0,-3
sp|P37198|NUP62_HUMAN,P37198,5,2,-3
sp|P41240|CSK_HUMAN,P41240,5,2,-3
sp|P41252|SYIC_HUMAN,P41252,16,13,-3
sp|P46937|YAP1_HUMAN,P46937,3,0,-3
sp|P47755|CAZA2_HUMAN,P47755,7,4,-3
sp|P49006|MRP_HUMAN,P49006,4,1,-3
sp|P49720|PSB3_HUMAN,P49720,7,4,-3
sp|P49903|SPS1_HUMAN,P49903,3,0,-3
sp|P50579|MAP2_HUMAN,P50579,8,5,-3
sp|P50895|BCAM_HUMAN,P50895,3,0,-3
sp|P51114|FXR1_HUMAN,P51114,7,4,-3
sp|P51116|FXR2_HUMAN,P51116,3,0,-3
sp|P52943|CRIP2_HUMAN,P52943,9,6,-3
sp|P53041|PPP5_HUMAN,P53041,8,5,-3
sp|P53582|MAP11_HUMAN,P53582,6,3,-3
sp|P53611|PGTB2_HUMAN,P53611,3,0,-3
sp|P53634|CATC_HUMAN,P53634,10,7,-3
sp|P55769|NH2L1_HUMAN,P55769,8,5,-3
sp|P56381|ATP5E_HUMAN,P56381,3,0,-3
sp|P56945|BCAR1_HUMAN,P56945,3,0,-3
sp|P57105|SYJ2B_HUMAN,P57105,3,0,-3
sp|P60228|EIF3E_HUMAN,P60228,16,13,-3
sp|P60891|PRPS1_HUMAN,P60891,8,5,-3
sp|P60953|CDC42_HUMAN,P60953,7,4,-3
sp|P61106|RAB14_HUMAN,P61106,13,10,-3
sp|P61758|PFD3_HUMAN,P61758,6,3,-3
sp|P62081|RS7_HUMAN,P62081,15,12,-3
sp|P62280|RS11_HUMAN,P62280,16,13,-3
sp|P62942|FKB1A_HUMAN,P62942,10,7,-3
sp|P67775|PP2AA_HUMAN,P67775,13,10,-3
sp|P68402|PA1B2_HUMAN,P68402,5,2,-3
sp|P78330|SERB_HUMAN,P78330,6,3,-3
sp|P78537|BL1S1_HUMAN,P78537,3,0,-3
sp|P84103|SRSF3_HUMAN,P84103,15,12,-3
sp|Q00059|TFAM_HUMAN,Q00059,10,7,-3
sp|Q00535|CDK5_HUMAN,Q00535,3,0,-3
sp|Q00765|REEP5_HUMAN,Q00765,6,3,-3
sp|Q03154|ACY1_HUMAN,Q03154,3,0,-3
sp|Q04446|GLGB_HUMAN,Q04446,9,6,-3
sp|Q05048|CSTF1_HUMAN,Q05048,5,2,-3
sp|Q05639|EF1A2_HUMAN,Q05639,10,7,-3
sp|Q07812|BAX_HUMAN,Q07812,10,7,-3
sp|Q12846|STX4_HUMAN,Q12846,4,1,-3
sp|Q12849|GRSF1_HUMAN,Q12849,7,4,-3
sp|Q13188|STK3_HUMAN,Q13188,3,0,-3
sp|Q13347|EIF3I_HUMAN,Q13347,13,10,-3
sp|Q13510|ASAH1_HUMAN,Q13510,9,6,-3
sp|Q13564|ULA1_HUMAN,Q13564,3,0,-3
sp|Q13630|FCL_HUMAN,Q13630,4,1,-3
sp|Q13740|CD166_HUMAN,Q13740,11,8,-3
sp|Q14011|CIRBP_HUMAN,Q14011,3,0,-3
sp|Q14166|TTL12_HUMAN,Q14166,3,0,-3
sp|Q14203|DCTN1_HUMAN,Q14203,12,9,-3
sp|Q14247|SRC8_HUMAN,Q14247,24,21,-3
sp|Q14558|KPRA_HUMAN,Q14558,3,0,-3
sp|Q15005|SPCS2_HUMAN,Q15005,13,10,-3
sp|Q15007|FL2D_HUMAN,Q15007,3,0,-3
sp|Q15084|PDIA6_HUMAN,Q15084,27,24,-3
sp|Q15369|ELOC_HUMAN,Q15369,9,6,-3
sp|Q15427|SF3B4_HUMAN,Q15427,3,0,-3
sp|Q15434|RBMS2_HUMAN,Q15434,3,0,-3
sp|Q15631|TSN_HUMAN,Q15631,5,2,-3
sp|Q15714|T22D1_HUMAN,Q15714,3,0,-3
sp|Q15813|TBCE_HUMAN,Q15813,6,3,-3
sp|Q2TAA2|IAH1_HUMAN,Q2TAA2,3,0,-3
sp|Q3KQV9|UAP1L_HUMAN,Q3KQV9,3,0,-3
sp|Q3ZAQ7|VMA21_HUMAN,Q3ZAQ7,3,0,-3
sp|Q53HC9|EIPR1_HUMAN,Q53HC9,3,0,-3
sp|Q5VW32|BROX_HUMAN,Q5VW32,3,0,-3
sp|Q6DD87|ZN787_HUMAN,Q6DD87,3,0,-3
sp|Q6GMV3|PTRD1_HUMAN,Q6GMV3,4,1,-3
sp|Q6IAA8|LTOR1_HUMAN,Q6IAA8,5,2,-3
sp|Q6P1N9|TATD1_HUMAN,Q6P1N9,5,2,-3
sp|Q6PJT7|ZC3HE_HUMAN,Q6PJT7,3,0,-3
sp|Q7L5N1|CSN6_HUMAN,Q7L5N1,6,3,-3
sp|Q7LBR1|CHM1B_HUMAN,Q7LBR1,4,1,-3
sp|Q7Z417|NUFP2_HUMAN,Q7Z417,4,1,-3
sp|Q7Z4H3|HDDC2_HUMAN,Q7Z4H3,3,0,-3
sp|Q7Z4H7|HAUS6_HUMAN,Q7Z4H7,3,0,-3
sp|Q7Z6K5|ARPIN_HUMAN,Q7Z6K5,3,0,-3
sp|Q7Z7H5|TMED4_HUMAN,Q7Z7H5,5,2,-3
sp|Q86T03|PP4P1_HUMAN,Q86T03,3,0,-3
sp|Q86TB9|PATL1_HUMAN,Q86TB9,3,0,-3
sp|Q86UK7|ZN598_HUMAN,Q86UK7,3,0,-3
sp|Q86V48|LUZP1_HUMAN,Q86V48,4,1,-3
sp|Q86V81|THOC4_HUMAN,Q86V81,12,9,-3
sp|Q86VS8|HOOK3_HUMAN,Q86VS8,4,1,-3
sp|Q8IY67|RAVR1_HUMAN,Q8IY67,3,0,-3
sp|Q8N128|F177A_HUMAN,Q8N128,3,0,-3
sp|Q8N6T3|ARFG1_HUMAN,Q8N6T3,3,0,-3
sp|Q8NEZ5|FBX22_HUMAN,Q8NEZ5,3,0,-3
sp|Q8NFV4|ABHDB_HUMAN,Q8NFV4,4,1,-3
sp|Q8TB03|CX038_HUMAN,Q8TB03,3,0,-3
sp|Q8TCZ2|C99L2_HUMAN,Q8TCZ2,4,1,-3
sp|Q8TD16|BICD2_HUMAN,Q8TD16,3,0,-3
sp|Q8TF74|WIPF2_HUMAN,Q8TF74,3,0,-3
sp|Q8WVM8|SCFD1_HUMAN,Q8WVM8,6,3,-3
sp|Q8WVY7|UBCP1_HUMAN,Q8WVY7,3,0,-3
sp|Q8WW12|PCNP_HUMAN,Q8WW12,6,3,-3
sp|Q8WWH5|TRUB1_HUMAN,Q8WWH5,4,1,-3
sp|Q8WXI9|P66B_HUMAN,Q8WXI9,3,0,-3
sp|Q8WXX5|DNJC9_HUMAN,Q8WXX5,7,4,-3
sp|Q8WZA9|IRGQ_HUMAN,Q8WZA9,3,0,-3
sp|Q92572|AP3S1_HUMAN,Q92572,3,0,-3
sp|Q92769|HDAC2_HUMAN,Q92769,3,0,-3
sp|Q92820|GGH_HUMAN,Q92820,5,2,-3
sp|Q92917|GPKOW_HUMAN,Q92917,3,0,-3
sp|Q93099|HGD_HUMAN,Q93099,3,0,-3
sp|Q969G3|SMCE1_HUMAN,Q969G3,5,2,-3
sp|Q96A26|F162A_HUMAN,Q96A26,8,5,-3
sp|Q96DB5|RMD1_HUMAN,Q96DB5,3,0,-3
sp|Q96DG6|CMBL_HUMAN,Q96DG6,4,1,-3
sp|Q96DZ1|ERLEC_HUMAN,Q96DZ1,6,3,-3
sp|Q96G28|CFA36_HUMAN,Q96G28,3,0,-3
sp|Q96GA7|SDSL_HUMAN,Q96GA7,3,0,-3
sp|Q96I25|SPF45_HUMAN,Q96I25,5,2,-3
sp|Q96IZ0|PAWR_HUMAN,Q96IZ0,5,2,-3
sp|Q96P70|IPO9_HUMAN,Q96P70,4,1,-3
sp|Q96PU8|QKI_HUMAN,Q96PU8,3,0,-3
sp|Q99538|LGMN_HUMAN,Q99538,3,0,-3
sp|Q99614|TTC1_HUMAN,Q99614,3,0,-3
sp|Q9BPX5|ARP5L_HUMAN,Q9BPX5,3,0,-3
sp|Q9BR61|ACBD6_HUMAN,Q9BR61,3,0,-3
sp|Q9BR76|COR1B_HUMAN,Q9BR76,9,6,-3
sp|Q9BRF8|CPPED_HUMAN,Q9BRF8,5,2,-3
sp|Q9BRP8|PYM1_HUMAN,Q9BRP8,5,2,-3
sp|Q9BUH6|PAXX_HUMAN,Q9BUH6,3,0,-3
sp|Q9BV36|MELPH_HUMAN,Q9BV36,4,1,-3
sp|Q9BW91|NUDT9_HUMAN,Q9BW91,5,2,-3
sp|Q9GZY8|MFF_HUMAN,Q9GZY8,4,1,-3
sp|Q9H1B7|I2BPL_HUMAN,Q9H1B7,3,0,-3
sp|Q9H4A6|GOLP3_HUMAN,Q9H4A6,5,2,-3
sp|Q9H9Q2|CSN7B_HUMAN,Q9H9Q2,3,0,-3
sp|Q9HB40|RISC_HUMAN,Q9HB40,7,4,-3
sp|Q9HBL7|PLRKT_HUMAN,Q9HBL7,7,4,-3
sp|Q9HC52|CBX8_HUMAN,Q9HC52,3,0,-3
sp|Q9HCC0|MCCB_HUMAN,Q9HCC0,12,9,-3
sp|Q9NPA3|M1IP1_HUMAN,Q9NPA3,3,0,-3
sp|Q9NPQ8|RIC8A_HUMAN,Q9NPQ8,5,2,-3
sp|Q9NQ88|TIGAR_HUMAN,Q9NQ88,4,1,-3
sp|Q9NQT4|EXOS5_HUMAN,Q9NQT4,5,2,-3
sp|Q9NR12|PDLI7_HUMAN,Q9NR12,5,2,-3
sp|Q9NRF9|DPOE3_HUMAN,Q9NRF9,3,0,-3
sp|Q9NRW7|VPS45_HUMAN,Q9NRW7,3,0,-3
sp|Q9NVD7|PARVA_HUMAN,Q9NVD7,4,1,-3
sp|Q9NVX2|NLE1_HUMAN,Q9NVX2,3,0,-3
sp|Q9NW64|RBM22_HUMAN,Q9NW64,3,0,-3
sp|Q9NZT2|OGFR_HUMAN,Q9NZT2,4,1,-3
sp|Q9P2K5|MYEF2_HUMAN,Q9P2K5,4,1,-3
sp|Q9UBF6|RBX2_HUMAN,Q9UBF6,3,0,-3
sp|Q9UBG0|MRC2_HUMAN,Q9UBG0,6,3,-3
sp|Q9UBR2|CATZ_HUMAN,Q9UBR2,6,3,-3
sp|Q9UBU8|MO4L1_HUMAN,Q9UBU8,3,0,-3
sp|Q9UBW8|CSN7A_HUMAN,Q9UBW8,3,0,-3
sp|Q9UHD9|UBQL2_HUMAN,Q9UHD9,3,0,-3
sp|Q9UJ72|ANX10_HUMAN,Q9UJ72,3,0,-3
sp|Q9UK45|LSM7_HUMAN,Q9UK45,4,1,-3
sp|Q9UK76|JUPI1_HUMAN,Q9UK76,4,1,-3
sp|Q9UKB3|DJC12_HUMAN,Q9UKB3,3,0,-3
sp|Q9UKK9|NUDT5_HUMAN,Q9UKK9,6,3,-3
sp|Q9UNS2|CSN3_HUMAN,Q9UNS2,7,4,-3
sp|Q9Y237|PIN4_HUMAN,Q9Y237,4,1,-3
sp|Q9Y333|LSM2_HUMAN,Q9Y333,4,1,-3
sp|Q9Y376|CAB39_HUMAN,Q9Y376,4,1,-3
sp|Q9Y3A3|PHOCN_HUMAN,Q9Y3A3,3,0,-3
sp|Q9Y3B2|EXOS1_HUMAN,Q9Y3B2,5,2,-3
sp|Q9Y3B7|RM11_HUMAN,Q9Y3B7,9,6,-3
sp|Q9Y3C8|UFC1_HUMAN,Q9Y3C8,3,0,-3
sp|Q9Y3D0|CIA2B_HUMAN,Q9Y3D0,3,0,-3
sp|Q9Y446|PKP3_HUMAN,Q9Y446,5,2,-3
sp|Q9Y4Z0|LSM4_HUMAN,Q9Y4Z0,3,0,-3
sp|Q9Y5K5|UCHL5_HUMAN,Q9Y5K5,8,5,-3
sp|Q9Y5Y2|NUBP2_HUMAN,Q9Y5Y2,3,0,-3
sp|Q9Y6K9|NEMO_HUMAN,Q9Y6K9,4,1,-3
sp|O15400|STX7_HUMAN,O15400,3,0,-3
sp|O75175|CNOT3_HUMAN,O75175,3,0,-3
sp|P06454|PTMA_HUMAN,P06454,4,1,-3
sp|P16455|MGMT_HUMAN,P16455,3,0,-3
sp|P41236|IPP2_HUMAN,P41236,3,0,-3
sp|P49247|RPIA_HUMAN,P49247,3,0,-3
sp|Q16527|CSRP2_HUMAN,Q16527,3,0,-3
sp|Q96JJ7|TMX3_HUMAN,Q96JJ7,3,0,-3
sp|P35908|K22E_HUMAN,P35908,3,0,-3
sp|O14530|TXND9_HUMAN,O14530,3,0,-3
sp|P56211|ARP19_HUMAN,P56211,3,0,-3
sp|A0A0B4J2A2|PAL4C_HUMAN,A0A0B4J2A2,4,2,-2
sp|B5ME19|EIFCL_HUMAN,B5ME19,17,15,-2
sp|O00115|DNS2A_HUMAN,O00115,2,0,-2
sp|O00154|BACH_HUMAN,O00154,6,4,-2
sp|O00264|PGRC1_HUMAN,O00264,15,13,-2
sp|O00273|DFFA_HUMAN,O00273,2,0,-2
sp|O00468|AGRIN_HUMAN,O00468,7,5,-2
sp|O00560|SDCB1_HUMAN,O00560,8,6,-2
sp|O00625|PIR_HUMAN,O00625,4,2,-2
sp|O00764|PDXK_HUMAN,O00764,6,4,-2
sp|O15355|PPM1G_HUMAN,O15355,11,9,-2
sp|O15446|RPA34_HUMAN,O15446,2,0,-2
sp|O15511|ARPC5_HUMAN,O15511,5,3,-2
sp|O43251|RFOX2_HUMAN,O43251,2,0,-2
sp|O43399|TPD54_HUMAN,O43399,5,3,-2
sp|O43464|HTRA2_HUMAN,O43464,3,1,-2
sp|O43488|ARK72_HUMAN,O43488,7,5,-2
sp|O43598|DNPH1_HUMAN,O43598,3,1,-2
sp|O43678|NDUA2_HUMAN,O43678,3,1,-2
sp|O43776|SYNC_HUMAN,O43776,17,15,-2
sp|O43852|CALU_HUMAN,O43852,13,11,-2
sp|O60232|ZNRD2_HUMAN,O60232,3,1,-2
sp|O60443|GSDME_HUMAN,O60443,3,1,-2
sp|O60502|OGA_HUMAN,O60502,2,0,-2
sp|O60841|IF2P_HUMAN,O60841,8,6,-2
sp|O75122|CLAP2_HUMAN,O75122,2,0,-2
sp|O75153|CLU_HUMAN,O75153,12,10,-2
sp|O75208|COQ9_HUMAN,O75208,2,0,-2
sp|O75223|GGCT_HUMAN,O75223,3,1,-2
sp|O75340|PDCD6_HUMAN,O75340,9,7,-2
sp|O75391|SPAG7_HUMAN,O75391,2,0,-2
sp|O75431|MTX2_HUMAN,O75431,4,2,-2
sp|O75909|CCNK_HUMAN,O75909,2,0,-2
sp|O94855|SC24D_HUMAN,O94855,2,0,-2
sp|O95168|NDUB4_HUMAN,O95168,7,5,-2
sp|O95298|NDUC2_HUMAN,O95298,3,1,-2
sp|O95372|LYPA2_HUMAN,O95372,2,0,-2
sp|O95400|CD2B2_HUMAN,O95400,3,1,-2
sp|O95453|PARN_HUMAN,O95453,3,1,-2
sp|O95758|PTBP3_HUMAN,O95758,12,10,-2
sp|O95793|STAU1_HUMAN,O95793,7,5,-2
sp|O95834|EMAL2_HUMAN,O95834,2,0,-2
sp|O95861|BPNT1_HUMAN,O95861,6,4,-2
sp|O96000|NDUBA_HUMAN,O96000,9,7,-2
sp|O96005|CLPT1_HUMAN,O96005,6,4,-2
sp|O96011|PX11B_HUMAN,O96011,2,0,-2
sp|P00374|DYR_HUMAN,P00374,2,0,-2
sp|P00533|EGFR_HUMAN,P00533,19,17,-2
sp|P04179|SODM_HUMAN,P04179,11,9,-2
sp|P04181|OAT_HUMAN,P04181,8,6,-2
sp|P04264|K2C1_HUMAN,P04264,8,6,-2
sp|P04439|HLAA_HUMAN,P04439,5,3,-2
sp|P05204|HMGN2_HUMAN,P05204,2,0,-2
sp|P06132|DCUP_HUMAN,P06132,2,0,-2
sp|P06730|IF4E_HUMAN,P06730,5,3,-2
sp|P07384|CAN1_HUMAN,P07384,11,9,-2
sp|P07437|TBB5_HUMAN,P07437,19,17,-2
sp|P08243|ASNS_HUMAN,P08243,6,4,-2
sp|P08397|HEM3_HUMAN,P08397,3,1,-2
sp|P08574|CY1_HUMAN,P08574,5,3,-2
sp|P0C0S5|H2AZ_HUMAN,P0C0S5,6,4,-2
sp|P10606|COX5B_HUMAN,P10606,11,9,-2
sp|P11117|PPAL_HUMAN,P11117,4,2,-2
sp|P11441|UBL4A_HUMAN,P11441,2,0,-2
sp|P12081|SYHC_HUMAN,P12081,14,12,-2
sp|P12694|ODBA_HUMAN,P12694,5,3,-2
sp|P12830|CADH1_HUMAN,P12830,6,4,-2
sp|P12931|SRC_HUMAN,P12931,10,8,-2
sp|P13073|COX41_HUMAN,P13073,15,13,-2
sp|P14406|CX7A2_HUMAN,P14406,4,2,-2
sp|P15291|B4GT1_HUMAN,P15291,3,1,-2
sp|P15374|UCHL3_HUMAN,P15374,3,1,-2
sp|P17987|TCPA_HUMAN,P17987,26,24,-2
sp|P18887|XRCC1_HUMAN,P18887,3,1,-2
sp|P19022|CADH2_HUMAN,P19022,3,1,-2
sp|P19404|NDUV2_HUMAN,P19404,8,6,-2
sp|P19838|NFKB1_HUMAN,P19838,3,1,-2
sp|P21912|SDHB_HUMAN,P21912,10,8,-2
sp|P21964|COMT_HUMAN,P21964,4,2,-2
sp|P22059|OSBP1_HUMAN,P22059,5,3,-2
sp|P23229|ITA6_HUMAN,P23229,16,14,-2
sp|P28676|GRAN_HUMAN,P28676,3,1,-2
sp|P29966|MARCS_HUMAN,P29966,9,7,-2
sp|P30044|PRDX5_HUMAN,P30044,16,14,-2
sp|P30048|PRDX3_HUMAN,P30048,21,19,-2
sp|P30050|RL12_HUMAN,P30050,20,18,-2
sp|P30405|PPIF_HUMAN,P30405,5,3,-2
sp|P30626|SORCN_HUMAN,P30626,8,6,-2
sp|P35269|T2FA_HUMAN,P35269,2,0,-2
sp|P35813|PPM1A_HUMAN,P35813,3,1,-2
sp|P37268|FDFT_HUMAN,P37268,9,7,-2
sp|P40121|CAPG_HUMAN,P40121,6,4,-2
sp|P40123|CAP2_HUMAN,P40123,3,1,-2
sp|P42126|ECI1_HUMAN,P42126,7,5,-2
sp|P43487|RANG_HUMAN,P43487,9,7,-2
sp|P46063|RECQ1_HUMAN,P46063,8,6,-2
sp|P47736|RPGP1_HUMAN,P47736,2,0,-2
sp|P47897|SYQ_HUMAN,P47897,15,13,-2
sp|P48449|LSS_HUMAN,P48449,4,2,-2
sp|P48507|GSH0_HUMAN,P48507,7,5,-2
sp|P48509|CD151_HUMAN,P48509,5,3,-2
sp|P49023|PAXI_HUMAN,P49023,6,4,-2
sp|P49366|DHYS_HUMAN,P49366,2,0,-2
sp|P49585|PCY1A_HUMAN,P49585,3,1,-2
sp|P49643|PRI2_HUMAN,P49643,2,0,-2
sp|P50402|EMD_HUMAN,P50402,5,3,-2
sp|P51153|RAB13_HUMAN,P51153,5,3,-2
sp|P51452|DUS3_HUMAN,P51452,5,3,-2
sp|P51553|IDH3G_HUMAN,P51553,4,2,-2
sp|P51572|BAP31_HUMAN,P51572,13,11,-2
sp|P51692|STA5B_HUMAN,P51692,2,0,-2
sp|P55060|XPO2_HUMAN,P55060,24,22,-2
sp|P55327|TPD52_HUMAN,P55327,6,4,-2
sp|P55789|ALR_HUMAN,P55789,2,0,-2
sp|P56192|SYMC_HUMAN,P56192,14,12,-2
sp|P56537|IF6_HUMAN,P56537,8,6,-2
sp|P59998|ARPC4_HUMAN,P59998,6,4,-2
sp|P60880|SNP25_HUMAN,P60880,2,0,-2
sp|P60983|GMFB_HUMAN,P60983,4,2,-2
sp|P61011|SRP54_HUMAN,P61011,11,9,-2
sp|P61803|DAD1_HUMAN,P61803,4,2,-2
sp|P61981|1433G_HUMAN,P61981,11,9,-2
sp|P62253|UB2G1_HUMAN,P62253,2,0,-2
sp|P62266|RS23_HUMAN,P62266,8,6,-2
sp|P62306|RUXF_HUMAN,P62306,7,5,-2
sp|P62312|LSM6_HUMAN,P62312,4,2,-2
sp|P63272|SPT4H_HUMAN,P63272,2,0,-2
sp|P80303|NUCB2_HUMAN,P80303,9,7,-2
