Protein,Protein ID,Control,Treatment,Difference
sp|Q66282|POLG_CXB3W,Q66282,0,163,163
sp|P04264|K2C1_HUMAN,P04264,8,24,16
sp|O43790|KRT86_HUMAN,O43790,0,13,13
sp|P04040|CATA_HUMAN,P04040,9,15,6
sp|P06396|GELS_HUMAN,P06396,7,13,6
sp|P69905|HBA_HUMAN,P69905,1,7,6
sp|Q9NSB2|KRT84_HUMAN,Q9NSB2,0,4,4
sp|P02788|TRFL_HUMAN,P02788,0,2,2
sp|Q92764|KRT35_HUMAN,Q92764,0,2,2
sp|P01112|RASH_HUMAN,P01112,3,4,1
sp|P63165|SUMO1_HUMAN,P63165,2,3,1
sp|P35908|K22E_HUMAN,P35908,3,4,1
sp|P01031|CO5_HUMAN,P01031,0,1,1
sp|P68871|HBB_HUMAN,P68871,0,1,1
sp|P35527|K1C9_HUMAN,P35527,0,1,1
sp|P51965|UB2E1_HUMAN,P51965,0,1,1
sp|P08263|GSTA1_HUMAN,P08263,0,1,1
sp|P00167|CYB5_HUMAN,P00167,8,8,0
sp|P12081|SYHC_HUMAN,P12081,14,14,0
sp|P13645|K1C10_HUMAN,P13645,4,4,0
sp|O00148|DX39A_HUMAN,O00148,1,0,-1
sp|O95208|EPN2_HUMAN,O95208,1,0,-1
sp|P16083|NQO2_HUMAN,P16083,3,2,-1
sp|P61769|B2MG_HUMAN,P61769,3,2,-1
sp|Q13724|MOGS_HUMAN,Q13724,1,0,-1
sp|Q14240|IF4A2_HUMAN,Q14240,1,0,-1
sp|Q15843|NEDD8_HUMAN,Q15843,4,3,-1
sp|Q709C8|VP13C_HUMAN,Q709C8,1,0,-1
sp|Q92805|GOGA1_HUMAN,Q92805,1,0,-1
sp|Q99747|SNAG_HUMAN,Q99747,1,0,-1
sp|Q9BQ52|RNZ2_HUMAN,Q9BQ52,1,0,-1
sp|Q9NX62|IMPA3_HUMAN,Q9NX62,1,0,-1
sp|Q9UBF2|COPG2_HUMAN,Q9UBF2,1,0,-1
sp|Q9UBU9|NXF1_HUMAN,Q9UBU9,1,0,-1
sp|O95169|NDUB8_HUMAN,O95169,1,0,-1
sp|P04156|PRIO_HUMAN,P04156,1,0,-1
sp|P04350|TBB4A_HUMAN,P04350,1,0,-1
sp|P27540|ARNT_HUMAN,P27540,1,0,-1
sp|P43155|CACP_HUMAN,P43155,1,0,-1
sp|Q13445|TMED1_HUMAN,Q13445,1,0,-1
sp|Q14318|FKBP8_HUMAN,Q14318,1,0,-1
sp|Q86SE5|RALYL_HUMAN,Q86SE5,1,0,-1
sp|Q8N983|RM43_HUMAN,Q8N983,1,0,-1
sp|Q8TCA0|LRC20_HUMAN,Q8TCA0,1,0,-1
sp|Q92930|RAB8B_HUMAN,Q92930,1,0,-1
sp|Q96DI7|SNR40_HUMAN,Q96DI7,1,0,-1
sp|Q96KB5|TOPK_HUMAN,Q96KB5,1,0,-1
sp|Q9BYD6|RM01_HUMAN,Q9BYD6,1,0,-1
sp|Q9NQ84|GPC5C_HUMAN,Q9NQ84,1,0,-1
sp|Q9NTX5|ECHD1_HUMAN,Q9NTX5,1,0,-1
sp|Q9NUG6|PDRG1_HUMAN,Q9NUG6,1,0,-1
sp|O94822|LTN1_HUMAN,O94822,1,0,-1
sp|Q15061|WDR43_HUMAN,Q15061,1,0,-1
sp|Q3KQU3|MA7D1_HUMAN,Q3KQU3,1,0,-1
sp|Q92733|PRCC_HUMAN,Q92733,1,0,-1
sp|Q9NRY4|RHG35_HUMAN,Q9NRY4,1,0,-1
sp|Q9ULJ8|NEB1_HUMAN,Q9ULJ8,1,0,-1
sp|O00267|SPT5H_HUMAN,O00267,1,0,-1
sp|O75376|NCOR1_HUMAN,O75376,1,0,-1
sp|P26232|CTNA2_HUMAN,P26232,1,0,-1
sp|P36873|PP1G_HUMAN,P36873,1,0,-1
sp|P62745|RHOB_HUMAN,P62745,1,0,-1
sp|P35609|ACTN2_HUMAN,P35609,1,0,-1
sp|P48426|PI42A_HUMAN,P48426,1,0,-1
sp|P60602|ROMO1_HUMAN,P60602,1,0,-1
sp|Q15526|SURF1_HUMAN,Q15526,1,0,-1
sp|Q712K3|UB2R2_HUMAN,Q712K3,1,0,-1
sp|O43924|PDE6D_HUMAN,O43924,1,0,-1
sp|P53680|AP2S1_HUMAN,P53680,1,0,-1
sp|Q10588|BST1_HUMAN,Q10588,1,0,-1
sp|Q8IVL0|NAV3_HUMAN,Q8IVL0,1,0,-1
sp|Q9BY67|CADM1_HUMAN,Q9BY67,1,0,-1
sp|Q9H3K2|GHITM_HUMAN,Q9H3K2,1,0,-1
sp|O75190|DNJB6_HUMAN,O75190,1,0,-1
sp|P63098|CANB1_HUMAN,P63098,1,0,-1
sp|Q13136|LIPA1_HUMAN,Q13136,1,0,-1
sp|Q86VN1|VPS36_HUMAN,Q86VN1,1,0,-1
sp|Q96J02|ITCH_HUMAN,Q96J02,1,0,-1
sp|O60684|IMA7_HUMAN,O60684,1,0,-1
sp|P09132|SRP19_HUMAN,P09132,1,0,-1
sp|P62256|UBE2H_HUMAN,P62256,1,0,-1
sp|P62834|RAP1A_HUMAN,P62834,1,0,-1
sp|Q13362|2A5G_HUMAN,Q13362,1,0,-1
sp|Q8NFH4|NUP37_HUMAN,Q8NFH4,1,0,-1
sp|Q8TAD7|OCC1_HUMAN,Q8TAD7,1,0,-1
sp|Q9P289|STK26_HUMAN,Q9P289,1,0,-1
sp|Q9UMZ2|SYNRG_HUMAN,Q9UMZ2,1,0,-1
sp|Q9Y3X0|CCDC9_HUMAN,Q9Y3X0,1,0,-1
sp|O60784|TOM1_HUMAN,O60784,1,0,-1
sp|P42830|CXCL5_HUMAN,P42830,1,0,-1
sp|Q86VI3|IQGA3_HUMAN,Q86VI3,1,0,-1
sp|Q8WUH6|TM263_HUMAN,Q8WUH6,1,0,-1
sp|P08047|SP1_HUMAN,P08047,1,0,-1
sp|P30536|TSPO_HUMAN,P30536,1,0,-1
sp|Q96GC5|RM48_HUMAN,Q96GC5,1,0,-1
sp|Q8NEU8|DP13B_HUMAN,Q8NEU8,1,0,-1
sp|P62877|RBX1_HUMAN,P62877,1,0,-1
sp|Q8N4P3|MESH1_HUMAN,Q8N4P3,1,0,-1
sp|Q96EY7|PTCD3_HUMAN,Q96EY7,1,0,-1
sp|Q9Y291|RT33_HUMAN,Q9Y291,1,0,-1
sp|O75251|NDUS7_HUMAN,O75251,1,0,-1
sp|P14209|CD99_HUMAN,P14209,1,0,-1
sp|P18615|NELFE_HUMAN,P18615,1,0,-1
sp|Q8NB37|GALD1_HUMAN,Q8NB37,1,0,-1
sp|Q15653|IKBB_HUMAN,Q15653,1,0,-1
sp|Q63ZY3|KANK2_HUMAN,Q63ZY3,1,0,-1
sp|Q96C90|PP14B_HUMAN,Q96C90,1,0,-1
sp|P09038|FGF2_HUMAN,P09038,1,0,-1
sp|Q16288|NTRK3_HUMAN,Q16288,1,0,-1
sp|P07738|PMGE_HUMAN,P07738,1,0,-1
sp|Q8WUF5|IASPP_HUMAN,Q8WUF5,1,0,-1
sp|Q9Y2R5|RT17_HUMAN,Q9Y2R5,1,0,-1
sp|Q9UFW8|CGBP1_HUMAN,Q9UFW8,1,0,-1
sp|Q9H1U4|MEGF9_HUMAN,Q9H1U4,1,0,-1
sp|Q8N0Z6|TTC5_HUMAN,Q8N0Z6,1,0,-1
sp|Q9BU61|NDUF3_HUMAN,Q9BU61,1,0,-1
sp|P51809|VAMP7_HUMAN,P51809,1,0,-1
sp|A6NJ78|MET15_HUMAN,A6NJ78,1,0,-1
sp|O43657|TSN6_HUMAN,O43657,1,0,-1
sp|Q13257|MD2L1_HUMAN,Q13257,1,0,-1
sp|Q7L266|ASGL1_HUMAN,Q7L266,1,0,-1
sp|O00584|RNT2_HUMAN,O00584,1,0,-1
sp|P33121|ACSL1_HUMAN,P33121,1,0,-1
sp|Q9NV96|CC50A_HUMAN,Q9NV96,1,0,-1
sp|Q6FIF0|ZFAN6_HUMAN,Q6FIF0,1,0,-1
sp|Q6VY07|PACS1_HUMAN,Q6VY07,1,0,-1
sp|Q8TF68|ZN384_HUMAN,Q8TF68,1,0,-1
sp|Q9H0C8|ILKAP_HUMAN,Q9H0C8,1,0,-1
sp|P13473|LAMP2_HUMAN,P13473,1,0,-1
sp|Q13951|PEBB_HUMAN,Q13951,1,0,-1
sp|Q9H078|CLPB_HUMAN,Q9H078,1,0,-1
sp|Q02978|M2OM_HUMAN,Q02978,1,0,-1
sp|A0AVT1|UBA6_HUMAN,A0AVT1,1,0,-1
sp|O43504|LTOR5_HUMAN,O43504,1,0,-1
sp|O43815|STRN_HUMAN,O43815,1,0,-1
sp|Q93074|MED12_HUMAN,Q93074,1,0,-1
sp|Q96BS2|CHP3_HUMAN,Q96BS2,1,0,-1
sp|Q96PZ0|PUS7_HUMAN,Q96PZ0,1,0,-1
sp|O15084|ANR28_HUMAN,O15084,1,0,-1
sp|P11234|RALB_HUMAN,P11234,1,0,-1
sp|P20839|IMDH1_HUMAN,P20839,1,0,-1
sp|P62070|RRAS2_HUMAN,P62070,1,0,-1
sp|P80297|MT1X_HUMAN,P80297,1,0,-1
sp|Q8NEY1|NAV1_HUMAN,Q8NEY1,1,0,-1
sp|O14657|TOR1B_HUMAN,O14657,1,0,-1
sp|P61077|UB2D3_HUMAN,P61077,1,0,-1
sp|Q86U42|PABP2_HUMAN,Q86U42,1,0,-1
sp|P51668|UB2D1_HUMAN,P51668,1,0,-1
sp|P11802|CDK4_HUMAN,P11802,1,0,-1
sp|O43264|ZW10_HUMAN,O43264,1,0,-1
sp|O15160|RPAC1_HUMAN,O15160,1,0,-1
sp|Q6PL18|ATAD2_HUMAN,Q6PL18,1,0,-1
sp|Q9BX70|BTBD2_HUMAN,Q9BX70,1,0,-1
sp|Q92530|PSMF1_HUMAN,Q92530,1,0,-1
sp|Q6DKK2|TTC19_HUMAN,Q6DKK2,1,0,-1
sp|Q9NQX3|GEPH_HUMAN,Q9NQX3,1,0,-1
sp|Q01167|FOXK2_HUMAN,Q01167,1,0,-1
sp|Q14966|ZN638_HUMAN,Q14966,1,0,-1
sp|P19387|RPB3_HUMAN,P19387,1,0,-1
sp|P48729|KC1A_HUMAN,P48729,1,0,-1
sp|Q8WV74|NUDT8_HUMAN,Q8WV74,1,0,-1
sp|P45877|PPIC_HUMAN,P45877,1,0,-1
sp|Q86Y39|NDUAB_HUMAN,Q86Y39,1,0,-1
sp|P11908|PRPS2_HUMAN,P11908,1,0,-1
sp|O94906|PRP6_HUMAN,O94906,1,0,-1
sp|Q53T59|H1BP3_HUMAN,Q53T59,1,0,-1
sp|Q92922|SMRC1_HUMAN,Q92922,1,0,-1
sp|P78329|CP4F2_HUMAN,P78329,1,0,-1
sp|Q9BY49|PECR_HUMAN,Q9BY49,1,0,-1
sp|Q00534|CDK6_HUMAN,Q00534,1,0,-1
sp|Q9BYD2|RM09_HUMAN,Q9BYD2,1,0,-1
sp|Q9UBB6|NCDN_HUMAN,Q9UBB6,1,0,-1
sp|Q8N8N7|PTGR2_HUMAN,Q8N8N7,1,0,-1
sp|Q9P2B2|FPRP_HUMAN,Q9P2B2,1,0,-1
sp|Q5BKX5|CS054_HUMAN,Q5BKX5,1,0,-1
sp|P68106|FKB1B_HUMAN,P68106,1,0,-1
sp|Q13428|TCOF_HUMAN,Q13428,1,0,-1
sp|Q92925|SMRD2_HUMAN,Q92925,1,0,-1
sp|P0C7P0|CISD3_HUMAN,P0C7P0,1,0,-1
sp|Q8N2F6|ARM10_HUMAN,Q8N2F6,1,0,-1
sp|O00399|DCTN6_HUMAN,O00399,1,0,-1
sp|O43677|NDUC1_HUMAN,O43677,1,0,-1
sp|O43708|MAAI_HUMAN,O43708,1,0,-1
sp|O60238|BNI3L_HUMAN,O60238,1,0,-1
sp|O75394|RM33_HUMAN,O75394,1,0,-1
sp|O75607|NPM3_HUMAN,O75607,1,0,-1
sp|O95297|MPZL1_HUMAN,O95297,1,0,-1
sp|O95777|LSM8_HUMAN,O95777,1,0,-1
sp|O96007|MOC2B_HUMAN,O96007,1,0,-1
sp|P01034|CYTC_HUMAN,P01034,1,0,-1
sp|P02787|TRFE_HUMAN,P02787,1,0,-1
sp|P04004|VTNC_HUMAN,P04004,1,0,-1
sp|P24311|COX7B_HUMAN,P24311,1,0,-1
sp|P27449|VATL_HUMAN,P27449,1,0,-1
sp|P52434|RPAB3_HUMAN,P52434,1,0,-1
sp|P61960|UFM1_HUMAN,P61960,1,0,-1
sp|P84101|SERF2_HUMAN,P84101,1,0,-1
sp|Q01658|NC2B_HUMAN,Q01658,1,0,-1
sp|Q08431|MFGM_HUMAN,Q08431,1,0,-1
sp|Q14061|COX17_HUMAN,Q14061,1,0,-1
sp|Q15041|AR6P1_HUMAN,Q15041,1,0,-1
sp|Q16654|PDK4_HUMAN,Q16654,1,0,-1
sp|Q4U2R6|RM51_HUMAN,Q4U2R6,1,0,-1
sp|Q5BJD5|TM41B_HUMAN,Q5BJD5,1,0,-1
sp|Q5HYK3|COQ5_HUMAN,Q5HYK3,1,0,-1
sp|Q5RKV6|EXOS6_HUMAN,Q5RKV6,1,0,-1
sp|Q5VSY0|GKAP1_HUMAN,Q5VSY0,1,0,-1
sp|Q5ZPR3|CD276_HUMAN,Q5ZPR3,1,0,-1
sp|Q63HM9|PLCX3_HUMAN,Q63HM9,1,0,-1
sp|Q7L7X3|TAOK1_HUMAN,Q7L7X3,1,0,-1
sp|Q7Z4G1|COMD6_HUMAN,Q7Z4G1,1,0,-1
sp|Q7Z7N9|T179B_HUMAN,Q7Z7N9,1,0,-1
sp|Q86Y82|STX12_HUMAN,Q86Y82,1,0,-1
sp|Q8IUF8|RIOX2_HUMAN,Q8IUF8,1,0,-1
sp|Q8N4V1|EMC5_HUMAN,Q8N4V1,1,0,-1
sp|Q8N5M9|JAGN1_HUMAN,Q8N5M9,1,0,-1
sp|Q8ND04|SMG8_HUMAN,Q8ND04,1,0,-1
sp|Q8TAE8|G45IP_HUMAN,Q8TAE8,1,0,-1
sp|Q8WWV3|RT4I1_HUMAN,Q8WWV3,1,0,-1
sp|Q8WXE9|STON2_HUMAN,Q8WXE9,1,0,-1
sp|Q92482|AQP3_HUMAN,Q92482,1,0,-1
sp|Q969E2|SCAM4_HUMAN,Q969E2,1,0,-1
sp|Q96AT9|RPE_HUMAN,Q96AT9,1,0,-1
sp|Q96EH3|MASU1_HUMAN,Q96EH3,1,0,-1
sp|Q96GS4|BORC6_HUMAN,Q96GS4,1,0,-1
sp|Q96JB5|CK5P3_HUMAN,Q96JB5,1,0,-1
sp|Q96MW1|CCD43_HUMAN,Q96MW1,1,0,-1
sp|Q96N66|MBOA7_HUMAN,Q96N66,1,0,-1
sp|Q96S97|MYADM_HUMAN,Q96S97,1,0,-1
sp|Q99643|C560_HUMAN,Q99643,1,0,-1
sp|Q9BQE5|APOL2_HUMAN,Q9BQE5,1,0,-1
sp|Q9BRQ6|MIC25_HUMAN,Q9BRQ6,1,0,-1
sp|Q9BUI4|RPC3_HUMAN,Q9BUI4,1,0,-1
sp|Q9BVL2|NUP58_HUMAN,Q9BVL2,1,0,-1
sp|Q9BXW7|HDHD5_HUMAN,Q9BXW7,1,0,-1
sp|Q9BZG1|RAB34_HUMAN,Q9BZG1,1,0,-1
sp|Q9C005|DPY30_HUMAN,Q9C005,1,0,-1
sp|Q9GZT4|SRR_HUMAN,Q9GZT4,1,0,-1
sp|Q9H2H8|PPIL3_HUMAN,Q9H2H8,1,0,-1
sp|Q9H3Q1|BORG4_HUMAN,Q9H3Q1,1,0,-1
sp|Q9HCU5|PREB_HUMAN,Q9HCU5,1,0,-1
sp|Q9NRP0|OSTC_HUMAN,Q9NRP0,1,0,-1
sp|Q9NUM3|S39A9_HUMAN,Q9NUM3,1,0,-1
sp|Q9NWV8|BABA1_HUMAN,Q9NWV8,1,0,-1
sp|Q9NX24|NHP2_HUMAN,Q9NX24,1,0,-1
sp|Q9UDX5|MTFP1_HUMAN,Q9UDX5,1,0,-1
sp|Q9UDY2|ZO2_HUMAN,Q9UDY2,1,0,-1
sp|Q9UEE9|CFDP1_HUMAN,Q9UEE9,1,0,-1
sp|Q9UHQ9|NB5R1_HUMAN,Q9UHQ9,1,0,-1
sp|Q9UKM7|MA1B1_HUMAN,Q9UKM7,1,0,-1
sp|Q9UMX1|SUFU_HUMAN,Q9UMX1,1,0,-1
sp|Q9UNQ2|DIM1_HUMAN,Q9UNQ2,1,0,-1
sp|Q9Y6Q9|NCOA3_HUMAN,Q9Y6Q9,1,0,-1
sp|O43414|ERI3_HUMAN,O43414,1,0,-1
sp|P46976|GLYG_HUMAN,P46976,1,0,-1
sp|P62166|NCS1_HUMAN,P62166,1,0,-1
sp|Q8NEZ2|VP37A_HUMAN,Q8NEZ2,1,0,-1
sp|Q8WUX9|CHMP7_HUMAN,Q8WUX9,1,0,-1
sp|Q8WVK2|SNR27_HUMAN,Q8WVK2,1,0,-1
sp|Q99595|TI17A_HUMAN,Q99595,1,0,-1
sp|Q9H477|RBSK_HUMAN,Q9H477,1,0,-1
sp|Q9HC84|MUC5B_HUMAN,Q9HC84,1,0,-1
sp|Q9P2X0|DPM3_HUMAN,Q9P2X0,1,0,-1
sp|P04049|RAF1_HUMAN,P04049,1,0,-1
sp|Q12996|CSTF3_HUMAN,Q12996,1,0,-1
sp|Q14728|MFS10_HUMAN,Q14728,1,0,-1
sp|Q15006|EMC2_HUMAN,Q15006,1,0,-1
sp|Q6L8Q7|PDE12_HUMAN,Q6L8Q7,1,0,-1
sp|Q6P5R6|RL22L_HUMAN,Q6P5R6,1,0,-1
sp|Q8IXJ6|SIR2_HUMAN,Q8IXJ6,1,0,-1
sp|Q8TBF4|ZCRB1_HUMAN,Q8TBF4,1,0,-1
sp|Q9BVW5|TIPIN_HUMAN,Q9BVW5,1,0,-1
sp|Q9BWU0|NADAP_HUMAN,Q9BWU0,1,0,-1
sp|Q9H2A2|AL8A1_HUMAN,Q9H2A2,1,0,-1
sp|O15235|RT12_HUMAN,O15235,1,0,-1
sp|P82921|RT21_HUMAN,P82921,1,0,-1
sp|Q15208|STK38_HUMAN,Q15208,1,0,-1
sp|Q9BPX3|CND3_HUMAN,Q9BPX3,1,0,-1
sp|Q9ULA0|DNPEP_HUMAN,Q9ULA0,1,0,-1
sp|P04920|B3A2_HUMAN,P04920,1,0,-1
sp|P86790|CCZ1B_HUMAN,P86790,1,0,-1
sp|Q13410|BT1A1_HUMAN,Q13410,1,0,-1
sp|Q96B54|ZN428_HUMAN,Q96B54,1,0,-1
sp|Q99519|NEUR1_HUMAN,Q99519,1,0,-1
sp|Q9NX76|CKLF6_HUMAN,Q9NX76,1,0,-1
sp|Q9Y3Y2|CHTOP_HUMAN,Q9Y3Y2,1,0,-1
sp|P82970|HMGN5_HUMAN,P82970,1,0,-1
sp|Q96A73|P33MX_HUMAN,Q96A73,1,0,-1
sp|O60547|GMDS_HUMAN,O60547,1,0,-1
sp|Q6RW13|ATRAP_HUMAN,Q6RW13,1,0,-1
sp|Q8TCC3|RM30_HUMAN,Q8TCC3,1,0,-1
sp|Q8WTS6|SETD7_HUMAN,Q8WTS6,1,0,-1
sp|Q9BZL1|UBL5_HUMAN,Q9BZL1,1,0,-1
sp|Q7Z6G8|ANS1B_HUMAN,Q7Z6G8,1,0,-1
sp|Q9UJ70|NAGK_HUMAN,Q9UJ70,1,0,-1
sp|O95163|ELP1_HUMAN,O95163,1,0,-1
sp|Q15582|BGH3_HUMAN,Q15582,1,0,-1
sp|Q8IV48|ERI1_HUMAN,Q8IV48,1,0,-1
sp|Q96PE7|MCEE_HUMAN,Q96PE7,1,0,-1
sp|Q7Z2Z2|EFL1_HUMAN,Q7Z2Z2,1,0,-1
sp|Q6NXR4|TTI2_HUMAN,Q6NXR4,1,0,-1
sp|Q96E29|MTEF3_HUMAN,Q96E29,1,0,-1
sp|O14562|UBFD1_HUMAN,O14562,1,0,-1
sp|O15258|RER1_HUMAN,O15258,1,0,-1
sp|Q9BXR0|TGT_HUMAN,Q9BXR0,1,0,-1
sp|Q9UL15|BAG5_HUMAN,Q9UL15,1,0,-1
sp|Q53EZ4|CEP55_HUMAN,Q53EZ4,1,0,-1
sp|Q8WVT3|TPC12_HUMAN,Q8WVT3,1,0,-1
sp|Q12768|WASC5_HUMAN,Q12768,1,0,-1
sp|Q8N8A6|DDX51_HUMAN,Q8N8A6,1,0,-1
sp|Q14451|GRB7_HUMAN,Q14451,1,0,-1
sp|Q9BRN9|TM2D3_HUMAN,Q9BRN9,1,0,-1
sp|P34059|GALNS_HUMAN,P34059,1,0,-1
sp|Q7Z3U7|MON2_HUMAN,Q7Z3U7,1,0,-1
sp|P57081|WDR4_HUMAN,P57081,1,0,-1
sp|Q9NP92|RT30_HUMAN,Q9NP92,1,0,-1
sp|P17612|KAPCA_HUMAN,P17612,1,0,-1
sp|Q68CQ7|GL8D1_HUMAN,Q68CQ7,1,0,-1
sp|Q8NDH3|PEPL1_HUMAN,Q8NDH3,1,0,-1
sp|Q9BQP7|MGME1_HUMAN,Q9BQP7,1,0,-1
sp|Q9Y4E8|UBP15_HUMAN,Q9Y4E8,1,0,-1
sp|Q9H6F5|CCD86_HUMAN,Q9H6F5,1,0,-1
sp|P61018|RAB4B_HUMAN,P61018,1,0,-1
sp|Q5J8M3|EMC4_HUMAN,Q5J8M3,1,0,-1
sp|P62891|RL39_HUMAN,P62891,1,0,-1
sp|P61165|TM258_HUMAN,P61165,1,0,-1
sp|P13284|GILT_HUMAN,P13284,1,0,-1
sp|Q9H1K1|ISCU_HUMAN,Q9H1K1,1,0,-1
sp|Q9Y244|POMP_HUMAN,Q9Y244,1,0,-1
sp|Q6P6C2|ALKB5_HUMAN,Q6P6C2,1,0,-1
sp|Q8TF05|PP4R1_HUMAN,Q8TF05,1,0,-1
sp|P19174|PLCG1_HUMAN,P19174,1,0,-1
sp|Q9P003|CNIH4_HUMAN,Q9P003,1,0,-1
sp|Q9UPY8|MARE3_HUMAN,Q9UPY8,1,0,-1
sp|Q96HR9|REEP6_HUMAN,Q96HR9,1,0,-1
sp|P78310|CXAR_HUMAN,P78310,1,0,-1
sp|Q5UCC4|EMC10_HUMAN,Q5UCC4,1,0,-1
sp|P52657|T2AG_HUMAN,P52657,1,0,-1
sp|Q9NPD8|UBE2T_HUMAN,Q9NPD8,1,0,-1
sp|P23511|NFYA_HUMAN,P23511,1,0,-1
sp|O15120|PLCB_HUMAN,O15120,1,0,-1
sp|O95260|ATE1_HUMAN,O95260,1,0,-1
sp|P61966|AP1S1_HUMAN,P61966,1,0,-1
sp|O60888|CUTA_HUMAN,O60888,1,0,-1
sp|O75718|CRTAP_HUMAN,O75718,1,0,-1
sp|Q96A35|RM24_HUMAN,Q96A35,1,0,-1
sp|Q6NZY4|ZCHC8_HUMAN,Q6NZY4,1,0,-1
sp|P05362|ICAM1_HUMAN,P05362,1,0,-1
sp|P38432|COIL_HUMAN,P38432,1,0,-1
sp|O43402|EMC8_HUMAN,O43402,1,0,-1
sp|P10746|HEM4_HUMAN,P10746,1,0,-1
sp|Q9H173|SIL1_HUMAN,Q9H173,1,0,-1
sp|Q96CP2|FWCH2_HUMAN,Q96CP2,1,0,-1
sp|Q09013|DMPK_HUMAN,Q09013,1,0,-1
sp|Q15057|ACAP2_HUMAN,Q15057,1,0,-1
sp|Q53S08|RAB6D_HUMAN,Q53S08,1,0,-1
sp|Q9NPF4|OSGEP_HUMAN,Q9NPF4,1,0,-1
sp|Q9P1U0|RPA12_HUMAN,Q9P1U0,1,0,-1
sp|Q9HD42|CHM1A_HUMAN,Q9HD42,1,0,-1
sp|Q99447|PCY2_HUMAN,Q99447,1,0,-1
sp|Q5JTH9|RRP12_HUMAN,Q5JTH9,1,0,-1
sp|Q9H871|RMD5A_HUMAN,Q9H871,1,0,-1
sp|Q13287|NMI_HUMAN,Q13287,1,0,-1
sp|O43159|RRP8_HUMAN,O43159,1,0,-1
sp|Q8N129|CNPY4_HUMAN,Q8N129,1,0,-1
sp|P55081|MFAP1_HUMAN,P55081,1,0,-1
sp|Q9Y508|RN114_HUMAN,Q9Y508,1,0,-1
sp|Q8WUW1|BRK1_HUMAN,Q8WUW1,1,0,-1
sp|Q99807|COQ7_HUMAN,Q99807,1,0,-1
sp|P12277|KCRB_HUMAN,P12277,1,0,-1
sp|Q9UKG1|DP13A_HUMAN,Q9UKG1,1,0,-1
sp|Q5VIR6|VPS53_HUMAN,Q5VIR6,1,0,-1
sp|Q5BJH7|YIF1B_HUMAN,Q5BJH7,1,0,-1
sp|Q9UNP9|PPIE_HUMAN,Q9UNP9,1,0,-1
sp|P15848|ARSB_HUMAN,P15848,1,0,-1
sp|Q9P0P0|RN181_HUMAN,Q9P0P0,1,0,-1
sp|Q6P1L8|RM14_HUMAN,Q6P1L8,1,0,-1
sp|P56937|DHB7_HUMAN,P56937,1,0,-1
sp|Q71RG4|TMUB2_HUMAN,Q71RG4,1,0,-1
sp|P50583|AP4A_HUMAN,P50583,1,0,-1
sp|O00762|UBE2C_HUMAN,O00762,1,0,-1
sp|Q9Y6G5|COMDA_HUMAN,Q9Y6G5,1,0,-1
sp|Q5TFE4|NT5D1_HUMAN,Q5TFE4,1,0,-1
sp|O14683|P5I11_HUMAN,O14683,1,0,-1
sp|Q9H9T3|ELP3_HUMAN,Q9H9T3,1,0,-1
sp|O43639|NCK2_HUMAN,O43639,1,0,-1
sp|O95858|TSN15_HUMAN,O95858,1,0,-1
sp|Q8WXD5|GEMI6_HUMAN,Q8WXD5,1,0,-1
sp|Q86VU5|CMTD1_HUMAN,Q86VU5,1,0,-1
sp|O00746|NDKM_HUMAN,O00746,1,0,-1
sp|Q9H875|PKRI1_HUMAN,Q9H875,1,0,-1
sp|Q6IN84|MRM1_HUMAN,Q6IN84,1,0,-1
sp|Q96GC9|VMP1_HUMAN,Q96GC9,1,0,-1
sp|Q643R3|LPCT4_HUMAN,Q643R3,1,0,-1
sp|O60292|SI1L3_HUMAN,O60292,1,0,-1
sp|Q86Y79|PTH_HUMAN,Q86Y79,1,0,-1
sp|O95983|MBD3_HUMAN,O95983,1,0,-1
sp|Q8N998|CCD89_HUMAN,Q8N998,1,0,-1
sp|P51580|TPMT_HUMAN,P51580,1,0,-1
sp|Q9NVZ3|NECP2_HUMAN,Q9NVZ3,1,0,-1
sp|Q9H6S0|YTDC2_HUMAN,Q9H6S0,1,0,-1
sp|Q9Y5J9|TIM8B_HUMAN,Q9Y5J9,1,0,-1
sp|Q9Y3C0|WASC3_HUMAN,Q9Y3C0,1,0,-1
sp|O15498|YKT6_HUMAN,O15498,1,0,-1
sp|Q14CS0|UBX2B_HUMAN,Q14CS0,1,0,-1
sp|Q15054|DPOD3_HUMAN,Q15054,1,0,-1
sp|Q9GZP9|DERL2_HUMAN,Q9GZP9,1,0,-1
sp|P62875|RPAB5_HUMAN,P62875,1,0,-1
sp|Q4LDG9|DNAL1_HUMAN,Q4LDG9,1,0,-1
sp|Q9C0H2|TTYH3_HUMAN,Q9C0H2,1,0,-1
sp|O60832|DKC1_HUMAN,O60832,1,0,-1
sp|Q06547|GABP1_HUMAN,Q06547,1,0,-1
sp|Q9H0B3|IQCN_HUMAN,Q9H0B3,1,0,-1
sp|Q9BWS9|CHID1_HUMAN,Q9BWS9,1,0,-1
sp|Q96A00|PP14A_HUMAN,Q96A00,1,0,-1
sp|Q03405|UPAR_HUMAN,Q03405,1,0,-1
sp|P52732|KIF11_HUMAN,P52732,1,0,-1
sp|Q9UIC8|LCMT1_HUMAN,Q9UIC8,1,0,-1
sp|P61964|WDR5_HUMAN,P61964,1,0,-1
sp|Q9HAB3|S52A2_HUMAN,Q9HAB3,1,0,-1
sp|Q9BY42|RTF2_HUMAN,Q9BY42,1,0,-1
sp|Q9NWQ9|CN119_HUMAN,Q9NWQ9,1,0,-1
sp|Q9NUW8|TYDP1_HUMAN,Q9NUW8,1,0,-1
sp|Q9Y5V0|ZN706_HUMAN,Q9Y5V0,1,0,-1
sp|Q9HC36|MRM3_HUMAN,Q9HC36,1,0,-1
sp|Q8NG11|TSN14_HUMAN,Q8NG11,1,0,-1
sp|A4D1E9|GTPBA_HUMAN,A4D1E9,1,0,-1
sp|Q9BUE0|MED18_HUMAN,Q9BUE0,1,0,-1
sp|P25963|IKBA_HUMAN,P25963,1,0,-1
sp|Q9UKA9|PTBP2_HUMAN,Q9UKA9,1,0,-1
sp|P53816|PLAT3_HUMAN,P53816,1,0,-1
sp|Q96D31|CRCM1_HUMAN,Q96D31,1,0,-1
sp|Q8IWZ8|SUGP1_HUMAN,Q8IWZ8,1,0,-1
sp|Q96AQ6|PBIP1_HUMAN,Q96AQ6,1,0,-1
sp|P28799|GRN_HUMAN,P28799,1,0,-1
sp|O95167|NDUA3_HUMAN,O95167,1,0,-1
sp|O95159|ZFPL1_HUMAN,O95159,1,0,-1
sp|O95825|QORL1_HUMAN,O95825,1,0,-1
sp|Q6UWP7|LCLT1_HUMAN,Q6UWP7,1,0,-1
sp|A8MVJ9|HPF1L_HUMAN,A8MVJ9,1,0,-1
sp|P17706|PTN2_HUMAN,P17706,1,0,-1
sp|O43451|MGA_HUMAN,O43451,1,0,-1
sp|O14545|TRAD1_HUMAN,O14545,1,0,-1
sp|Q7Z569|BRAP_HUMAN,Q7Z569,1,0,-1
sp|Q9UHY1|NRBP_HUMAN,Q9UHY1,1,0,-1
sp|Q15648|MED1_HUMAN,Q15648,1,0,-1
sp|Q5VT79|AXA81_HUMAN,Q5VT79,1,0,-1
sp|Q8WUR7|CO040_HUMAN,Q8WUR7,1,0,-1
sp|Q16739|CEGT_HUMAN,Q16739,1,0,-1
sp|O95352|ATG7_HUMAN,O95352,1,0,-1
sp|O94811|TPPP_HUMAN,O94811,1,0,-1
sp|P54802|ANAG_HUMAN,P54802,1,0,-1
sp|Q16864|VATF_HUMAN,Q16864,1,0,-1
sp|Q13609|DNSL3_HUMAN,Q13609,1,0,-1
sp|Q96BI1|S22AI_HUMAN,Q96BI1,1,0,-1
sp|Q8WY22|BRI3B_HUMAN,Q8WY22,1,0,-1
sp|Q96D42|HAVR1_HUMAN,Q96D42,1,0,-1
sp|Q13568|IRF5_HUMAN,Q13568,1,0,-1
sp|Q9ULX3|NOB1_HUMAN,Q9ULX3,1,0,-1
sp|Q8NAP8|ZBT8B_HUMAN,Q8NAP8,1,0,-1
sp|Q6KCM7|SCMC2_HUMAN,Q6KCM7,1,0,-1
sp|P02792|FRIL_HUMAN,P02792,1,0,-1
sp|Q53GS7|GLE1_HUMAN,Q53GS7,1,0,-1
sp|Q9H8U3|ZFAN3_HUMAN,Q9H8U3,1,0,-1
sp|Q8N543|OGFD1_HUMAN,Q8N543,1,0,-1
sp|Q96BW5|PTER_HUMAN,Q96BW5,1,0,-1
sp|P54803|GALC_HUMAN,P54803,1,0,-1
sp|Q8IVV2|LOXH1_HUMAN,Q8IVV2,1,0,-1
sp|Q15270|NKX11_HUMAN,Q15270,1,0,-1
sp|Q8N511|TM199_HUMAN,Q8N511,1,0,-1
sp|Q6P1X6|CH082_HUMAN,Q6P1X6,1,0,-1
sp|Q15397|PUM3_HUMAN,Q15397,1,0,-1
sp|P49848|TAF6_HUMAN,P49848,1,0,-1
sp|Q8N122|RPTOR_HUMAN,Q8N122,1,0,-1
sp|Q8NEZ4|KMT2C_HUMAN,Q8NEZ4,1,0,-1
sp|Q9NWW5|CLN6_HUMAN,Q9NWW5,1,0,-1
sp|Q8NFG4|FLCN_HUMAN,Q8NFG4,1,0,-1
sp|Q96HY6|DDRGK_HUMAN,Q96HY6,1,0,-1
sp|P04279|SEMG1_HUMAN,P04279,1,0,-1
sp|Q96K17|BT3L4_HUMAN,Q96K17,1,0,-1
sp|Q9NRW3|ABC3C_HUMAN,Q9NRW3,1,0,-1
sp|Q7Z478|DHX29_HUMAN,Q7Z478,1,0,-1
sp|P48723|HSP13_HUMAN,P48723,1,0,-1
sp|Q6UW56|ARAID_HUMAN,Q6UW56,1,0,-1
sp|Q9UHC7|MKRN1_HUMAN,Q9UHC7,1,0,-1
sp|Q86SR1|GLT10_HUMAN,Q86SR1,1,0,-1
sp|Q9Y2U8|MAN1_HUMAN,Q9Y2U8,1,0,-1
sp|O60637|TSN3_HUMAN,O60637,1,0,-1
sp|Q8IXB1|DJC10_HUMAN,Q8IXB1,1,0,-1
sp|Q96KC8|DNJC1_HUMAN,Q96KC8,1,0,-1
sp|Q9BUN8|DERL1_HUMAN,Q9BUN8,1,0,-1
sp|Q8IZ21|PHAR4_HUMAN,Q8IZ21,1,0,-1
sp|P14635|CCNB1_HUMAN,P14635,1,0,-1
sp|O15431|COPT1_HUMAN,O15431,1,0,-1
sp|P48436|SOX9_HUMAN,P48436,1,0,-1
sp|Q96AH0|SOSB2_HUMAN,Q96AH0,1,0,-1
sp|P31641|SC6A6_HUMAN,P31641,1,0,-1
sp|Q96BJ3|AIDA_HUMAN,Q96BJ3,1,0,-1
sp|Q86WQ0|NR2CA_HUMAN,Q86WQ0,1,0,-1
sp|A8MV81|HIG1C_HUMAN,A8MV81,1,0,-1
sp|Q6NXT1|ANR54_HUMAN,Q6NXT1,1,0,-1
sp|P07902|GALT_HUMAN,P07902,1,0,-1
sp|Q9NQT5|EXOS3_HUMAN,Q9NQT5,1,0,-1
sp|Q9BXK5|B2L13_HUMAN,Q9BXK5,1,0,-1
sp|P36406|TRI23_HUMAN,P36406,1,0,-1
sp|Q9H2P0|ADNP_HUMAN,Q9H2P0,1,0,-1
sp|Q9H5X1|CIA2A_HUMAN,Q9H5X1,1,0,-1
sp|Q9H1C7|CYTM1_HUMAN,Q9H1C7,1,0,-1
sp|Q13190|STX5_HUMAN,Q13190,1,0,-1
sp|Q16611|BAK_HUMAN,Q16611,1,0,-1
sp|Q9Y2Q5|LTOR2_HUMAN,Q9Y2Q5,1,0,-1
sp|Q5TBB1|RNH2B_HUMAN,Q5TBB1,1,0,-1
sp|Q96B49|TOM6_HUMAN,Q96B49,1,0,-1
sp|P25067|CO8A2_HUMAN,P25067,1,0,-1
sp|P62487|RPB7_HUMAN,P62487,1,0,-1
sp|Q9P032|NDUF4_HUMAN,Q9P032,1,0,-1
sp|P49069|CAMLG_HUMAN,P49069,1,0,-1
sp|Q6ZSR9|YJ005_HUMAN,Q6ZSR9,1,0,-1
sp|Q16637|SMN_HUMAN,Q16637,1,0,-1
sp|Q9BV81|EMC6_HUMAN,Q9BV81,1,0,-1
sp|P31350|RIR2_HUMAN,P31350,1,0,-1
sp|Q9P2R6|RERE_HUMAN,Q9P2R6,1,0,-1
sp|Q9NWU1|OXSM_HUMAN,Q9NWU1,1,0,-1
sp|O43772|MCAT_HUMAN,O43772,1,0,-1
sp|O43716|GATC_HUMAN,O43716,1,0,-1
sp|O00471|EXOC5_HUMAN,O00471,1,0,-1
sp|O43286|B4GT5_HUMAN,O43286,1,0,-1
sp|O15525|MAFG_HUMAN,O15525,1,0,-1
sp|Q9NX20|RM16_HUMAN,Q9NX20,1,0,-1
sp|Q5GLZ8|HERC4_HUMAN,Q5GLZ8,1,0,-1
sp|O95399|UTS2_HUMAN,O95399,1,0,-1
sp|O15514|RPB4_HUMAN,O15514,1,0,-1
sp|Q9H410|DSN1_HUMAN,Q9H410,1,0,-1
sp|P08236|BGLR_HUMAN,P08236,1,0,-1
sp|Q8N5H7|SH2D3_HUMAN,Q8N5H7,1,0,-1
sp|Q8IUH3|RBM45_HUMAN,Q8IUH3,1,0,-1
sp|Q92947|GCDH_HUMAN,Q92947,1,0,-1
sp|Q9BQC6|RT63_HUMAN,Q9BQC6,1,0,-1
sp|P51636|CAV2_HUMAN,P51636,1,0,-1
sp|Q9Y5Q8|TF3C5_HUMAN,Q9Y5Q8,1,0,-1
sp|Q9NQE9|HINT3_HUMAN,Q9NQE9,1,0,-1
sp|Q08170|SRSF4_HUMAN,Q08170,1,0,-1
sp|A5A3E0|POTEF_HUMAN,A5A3E0,2,0,-2
sp|C9JLW8|MCRI1_HUMAN,C9JLW8,2,0,-2
sp|O00115|DNS2A_HUMAN,O00115,2,0,-2
sp|O00194|RB27B_HUMAN,O00194,2,0,-2
sp|O00273|DFFA_HUMAN,O00273,2,0,-2
sp|O00541|PESC_HUMAN,O00541,2,0,-2
sp|O00743|PPP6_HUMAN,O00743,2,0,-2
sp|O14521|DHSD_HUMAN,O14521,2,0,-2
sp|O14561|ACPM_HUMAN,O14561,2,0,-2
sp|O14907|TX1B3_HUMAN,O14907,2,0,-2
sp|O15127|SCAM2_HUMAN,O15127,2,0,-2
sp|O15155|BET1_HUMAN,O15155,2,0,-2
sp|O15260|SURF4_HUMAN,O15260,2,0,-2
sp|O15446|RPA34_HUMAN,O15446,2,0,-2
sp|O15533|TPSN_HUMAN,O15533,2,0,-2
sp|O43251|RFOX2_HUMAN,O43251,2,0,-2
sp|O43674|NDUB5_HUMAN,O43674,2,0,-2
sp|O43819|SCO2_HUMAN,O43819,2,0,-2
sp|O60502|OGA_HUMAN,O60502,2,0,-2
sp|O60568|PLOD3_HUMAN,O60568,2,0,-2
sp|O60573|IF4E2_HUMAN,O60573,2,0,-2
sp|O60656|UD19_HUMAN,O60656,2,0,-2
sp|O60826|CCD22_HUMAN,O60826,2,0,-2
sp|O60869|EDF1_HUMAN,O60869,2,0,-2
sp|O75122|CLAP2_HUMAN,O75122,2,0,-2
sp|O75208|COQ9_HUMAN,O75208,2,0,-2
sp|O75368|SH3L1_HUMAN,O75368,2,0,-2
sp|O75391|SPAG7_HUMAN,O75391,2,0,-2
sp|O75787|RENR_HUMAN,O75787,2,0,-2
sp|O75909|CCNK_HUMAN,O75909,2,0,-2
sp|O94855|SC24D_HUMAN,O94855,2,0,-2
sp|O94907|DKK1_HUMAN,O94907,2,0,-2
sp|O95292|VAPB_HUMAN,O95292,2,0,-2
sp|O95372|LYPA2_HUMAN,O95372,2,0,-2
sp|O95834|EMAL2_HUMAN,O95834,2,0,-2
sp|O96011|PX11B_HUMAN,O96011,2,0,-2
sp|O96013|PAK4_HUMAN,O96013,2,0,-2
sp|P00374|DYR_HUMAN,P00374,2,0,-2
sp|P01116|RASK_HUMAN,P01116,2,0,-2
sp|P04066|FUCO_HUMAN,P04066,2,0,-2
sp|P04899|GNAI2_HUMAN,P04899,2,0,-2
sp|P05204|HMGN2_HUMAN,P05204,2,0,-2
sp|P06132|DCUP_HUMAN,P06132,2,0,-2
sp|P06858|LIPL_HUMAN,P06858,2,0,-2
sp|P08134|RHOC_HUMAN,P08134,2,0,-2
sp|P11441|UBL4A_HUMAN,P11441,2,0,-2
sp|P16401|H15_HUMAN,P16401,2,0,-2
sp|P16402|H13_HUMAN,P16402,2,0,-2
sp|P19784|CSK22_HUMAN,P19784,2,0,-2
sp|P23434|GCSH_HUMAN,P23434,2,0,-2
sp|P25815|S100P_HUMAN,P25815,2,0,-2
sp|P29083|T2EA_HUMAN,P29083,2,0,-2
sp|P30038|AL4A1_HUMAN,P30038,2,0,-2
sp|P30049|ATPD_HUMAN,P30049,2,0,-2
sp|P35269|T2FA_HUMAN,P35269,2,0,-2
sp|P40616|ARL1_HUMAN,P40616,2,0,-2
sp|P47736|RPGP1_HUMAN,P47736,2,0,-2
sp|P48960|AGRE5_HUMAN,P48960,2,0,-2
sp|P49366|DHYS_HUMAN,P49366,2,0,-2
sp|P49643|PRI2_HUMAN,P49643,2,0,-2
sp|P51692|STA5B_HUMAN,P51692,2,0,-2
sp|P53365|ARFP2_HUMAN,P53365,2,0,-2
sp|P53701|CCHL_HUMAN,P53701,2,0,-2
sp|P53801|PTTG_HUMAN,P53801,2,0,-2
sp|P54105|ICLN_HUMAN,P54105,2,0,-2
sp|P54289|CA2D1_HUMAN,P54289,2,0,-2
sp|P54886|P5CS_HUMAN,P54886,2,0,-2
sp|P55210|CASP7_HUMAN,P55210,2,0,-2
sp|P55789|ALR_HUMAN,P55789,2,0,-2
sp|P57088|TMM33_HUMAN,P57088,2,0,-2
sp|P60468|SC61B_HUMAN,P60468,2,0,-2
sp|P60510|PP4C_HUMAN,P60510,2,0,-2
sp|P60880|SNP25_HUMAN,P60880,2,0,-2
sp|P61009|SPCS3_HUMAN,P61009,2,0,-2
sp|P61020|RAB5B_HUMAN,P61020,2,0,-2
sp|P61225|RAP2B_HUMAN,P61225,2,0,-2
sp|P61927|RL37_HUMAN,P61927,2,0,-2
sp|P62253|UB2G1_HUMAN,P62253,2,0,-2
sp|P63151|2ABA_HUMAN,P63151,2,0,-2
sp|P63218|GBG5_HUMAN,P63218,2,0,-2
sp|P63272|SPT4H_HUMAN,P63272,2,0,-2
sp|P78346|RPP30_HUMAN,P78346,2,0,-2
sp|P78536|ADA17_HUMAN,P78536,2,0,-2
sp|P80217|IN35_HUMAN,P80217,2,0,-2
sp|P82909|KGD4_HUMAN,P82909,2,0,-2
sp|Q01433|AMPD2_HUMAN,Q01433,2,0,-2
sp|Q02218|ODO1_HUMAN,Q02218,2,0,-2
sp|Q04323|UBXN1_HUMAN,Q04323,2,0,-2
sp|Q04941|PLP2_HUMAN,Q04941,2,0,-2
sp|Q12824|SNF5_HUMAN,Q12824,2,0,-2
sp|Q12913|PTPRJ_HUMAN,Q12913,2,0,-2
sp|Q12959|DLG1_HUMAN,Q12959,2,0,-2
sp|Q12979|ABR_HUMAN,Q12979,2,0,-2
sp|Q13084|RM28_HUMAN,Q13084,2,0,-2
sp|Q13217|DNJC3_HUMAN,Q13217,2,0,-2
sp|Q13247|SRSF6_HUMAN,Q13247,2,0,-2
sp|Q13576|IQGA2_HUMAN,Q13576,2,0,-2
sp|Q13637|RAB32_HUMAN,Q13637,2,0,-2
sp|Q13868|EXOS2_HUMAN,Q13868,2,0,-2
sp|Q14118|DAG1_HUMAN,Q14118,2,0,-2
sp|Q14119|VEZF1_HUMAN,Q14119,2,0,-2
sp|Q14141|SEPT6_HUMAN,Q14141,2,0,-2
sp|Q14232|EI2BA_HUMAN,Q14232,2,0,-2
sp|Q14653|IRF3_HUMAN,Q14653,2,0,-2
sp|Q15262|PTPRK_HUMAN,Q15262,2,0,-2
sp|Q15363|TMED2_HUMAN,Q15363,2,0,-2
sp|Q15654|TRIP6_HUMAN,Q15654,2,0,-2
sp|Q16626|MEA1_HUMAN,Q16626,2,0,-2
sp|Q16763|UBE2S_HUMAN,Q16763,2,0,-2
sp|Q53GS9|SNUT2_HUMAN,Q53GS9,2,0,-2
sp|Q5JRA6|TGO1_HUMAN,Q5JRA6,2,0,-2
sp|Q5JS54|PSMG4_HUMAN,Q5JS54,2,0,-2
sp|Q5JVS0|HABP4_HUMAN,Q5JVS0,2,0,-2
sp|Q5RI15|COX20_HUMAN,Q5RI15,2,0,-2
sp|Q5SSJ5|HP1B3_HUMAN,Q5SSJ5,2,0,-2
sp|Q5TGZ0|MIC10_HUMAN,Q5TGZ0,2,0,-2
sp|Q66K74|MAP1S_HUMAN,Q66K74,2,0,-2
sp|Q68EM7|RHG17_HUMAN,Q68EM7,2,0,-2
sp|Q6NYC1|JMJD6_HUMAN,Q6NYC1,2,0,-2
sp|Q6PI78|TMM65_HUMAN,Q6PI78,2,0,-2
sp|Q6UWE0|LRSM1_HUMAN,Q6UWE0,2,0,-2
sp|Q6UXN9|WDR82_HUMAN,Q6UXN9,2,0,-2
sp|Q7Z4V5|HDGR2_HUMAN,Q7Z4V5,2,0,-2
sp|Q86SJ2|AMGO2_HUMAN,Q86SJ2,2,0,-2
sp|Q86V88|MGDP1_HUMAN,Q86V88,2,0,-2
sp|Q86X55|CARM1_HUMAN,Q86X55,2,0,-2
sp|Q86X83|COMD2_HUMAN,Q86X83,2,0,-2
sp|Q86XZ4|SPAS2_HUMAN,Q86XZ4,2,0,-2
sp|Q8IUD2|RB6I2_HUMAN,Q8IUD2,2,0,-2
sp|Q8IXH7|NELFD_HUMAN,Q8IXH7,2,0,-2
sp|Q8IYB5|SMAP1_HUMAN,Q8IYB5,2,0,-2
sp|Q8N3D4|EH1L1_HUMAN,Q8N3D4,2,0,-2
sp|Q8N5N7|RM50_HUMAN,Q8N5N7,2,0,-2
sp|Q8N6M0|OTU6B_HUMAN,Q8N6M0,2,0,-2
sp|Q8N766|EMC1_HUMAN,Q8N766,2,0,-2
sp|Q8NBF2|NHLC2_HUMAN,Q8NBF2,2,0,-2
sp|Q8NBJ4|GOLM1_HUMAN,Q8NBJ4,2,0,-2
sp|Q8NBX0|SCPDL_HUMAN,Q8NBX0,2,0,-2
sp|Q8TB96|TIP_HUMAN,Q8TB96,2,0,-2
sp|Q8TCD5|NT5C_HUMAN,Q8TCD5,2,0,-2
sp|Q8TCT8|SPP2A_HUMAN,Q8TCT8,2,0,-2
sp|Q8WZ82|OVCA2_HUMAN,Q8WZ82,2,0,-2
sp|Q92520|FAM3C_HUMAN,Q92520,2,0,-2
sp|Q92575|UBXN4_HUMAN,Q92575,2,0,-2
sp|Q92609|TBCD5_HUMAN,Q92609,2,0,-2
sp|Q92692|NECT2_HUMAN,Q92692,2,0,-2
sp|Q92747|ARC1A_HUMAN,Q92747,2,0,-2
sp|Q92797|SYMPK_HUMAN,Q92797,2,0,-2
sp|Q92934|BAD_HUMAN,Q92934,2,0,-2
sp|Q93009|UBP7_HUMAN,Q93009,2,0,-2
sp|Q93062|RBPMS_HUMAN,Q93062,2,0,-2
sp|Q969M3|YIPF5_HUMAN,Q969M3,2,0,-2
sp|Q96AB3|ISOC2_HUMAN,Q96AB3,2,0,-2
sp|Q96BM9|ARL8A_HUMAN,Q96BM9,2,0,-2
sp|Q96EA4|SPDLY_HUMAN,Q96EA4,2,0,-2
sp|Q96EK5|KBP_HUMAN,Q96EK5,2,0,-2
sp|Q96MG7|NSE3_HUMAN,Q96MG7,2,0,-2
sp|Q96MX6|DAA10_HUMAN,Q96MX6,2,0,-2
sp|Q96P16|RPR1A_HUMAN,Q96P16,2,0,-2
sp|Q96T60|PNKP_HUMAN,Q96T60,2,0,-2
sp|Q99627|CSN8_HUMAN,Q99627,2,0,-2
sp|Q99685|MGLL_HUMAN,Q99685,2,0,-2
sp|Q99805|TM9S2_HUMAN,Q99805,2,0,-2
sp|Q99816|TS101_HUMAN,Q99816,2,0,-2
sp|Q9BRJ7|TIRR_HUMAN,Q9BRJ7,2,0,-2
sp|Q9BRT9|SLD5_HUMAN,Q9BRT9,2,0,-2
sp|Q9BS40|LXN_HUMAN,Q9BS40,2,0,-2
sp|Q9BTL3|RAMAC_HUMAN,Q9BTL3,2,0,-2
sp|Q9BTU6|P4K2A_HUMAN,Q9BTU6,2,0,-2
sp|Q9BU89|DOHH_HUMAN,Q9BU89,2,0,-2
sp|Q9BV44|THUM3_HUMAN,Q9BV44,2,0,-2
sp|Q9BV68|RN126_HUMAN,Q9BV68,2,0,-2
sp|Q9BWT3|PAPOG_HUMAN,Q9BWT3,2,0,-2
sp|Q9BXF6|RFIP5_HUMAN,Q9BXF6,2,0,-2
sp|Q9BXV9|GON7_HUMAN,Q9BXV9,2,0,-2
sp|Q9BZK7|TBL1R_HUMAN,Q9BZK7,2,0,-2
sp|Q9BZX2|UCK2_HUMAN,Q9BZX2,2,0,-2
sp|Q9C0C9|UBE2O_HUMAN,Q9C0C9,2,0,-2
sp|Q9C0J8|WDR33_HUMAN,Q9C0J8,2,0,-2
sp|Q9GZN8|CT027_HUMAN,Q9GZN8,2,0,-2
sp|Q9GZQ3|COMD5_HUMAN,Q9GZQ3,2,0,-2
sp|Q9H061|T126A_HUMAN,Q9H061,2,0,-2
sp|Q9H0B6|KLC2_HUMAN,Q9H0B6,2,0,-2
sp|Q9H0E2|TOLIP_HUMAN,Q9H0E2,2,0,-2
sp|Q9H0U6|RM18_HUMAN,Q9H0U6,2,0,-2
sp|Q9H1E5|TMX4_HUMAN,Q9H1E5,2,0,-2
sp|Q9H4A5|GLP3L_HUMAN,Q9H4A5,2,0,-2
sp|Q9H4B7|TBB1_HUMAN,Q9H4B7,2,0,-2
sp|Q9H814|PHAX_HUMAN,Q9H814,2,0,-2
sp|Q9HBL8|NMRL1_HUMAN,Q9HBL8,2,0,-2
sp|Q9HD33|RM47_HUMAN,Q9HD33,2,0,-2
sp|Q9NQS1|AVEN_HUMAN,Q9NQS1,2,0,-2
sp|Q9NRN7|ADPPT_HUMAN,Q9NRN7,2,0,-2
sp|Q9NRR5|UBQL4_HUMAN,Q9NRR5,2,0,-2
sp|Q9NSK0|KLC4_HUMAN,Q9NSK0,2,0,-2
sp|Q9NTM9|CUTC_HUMAN,Q9NTM9,2,0,-2
sp|Q9NUJ3|T11L1_HUMAN,Q9NUJ3,2,0,-2
sp|Q9NW81|DMAC2_HUMAN,Q9NW81,2,0,-2
sp|Q9NX14|NDUBB_HUMAN,Q9NX14,2,0,-2
sp|Q9NY12|GAR1_HUMAN,Q9NY12,2,0,-2
sp|Q9NYJ1|COA4_HUMAN,Q9NYJ1,2,0,-2
sp|Q9NZN8|CNOT2_HUMAN,Q9NZN8,2,0,-2
sp|Q9NZZ3|CHMP5_HUMAN,Q9NZZ3,2,0,-2
sp|Q9UBP9|GULP1_HUMAN,Q9UBP9,2,0,-2
sp|Q9UEY8|ADDG_HUMAN,Q9UEY8,2,0,-2
sp|Q9UHL4|DPP2_HUMAN,Q9UHL4,2,0,-2
sp|Q9UIV1|CNOT7_HUMAN,Q9UIV1,2,0,-2
sp|Q9UKI9|PO2F3_HUMAN,Q9UKI9,2,0,-2
sp|Q9UKS6|PACN3_HUMAN,Q9UKS6,2,0,-2
sp|Q9UP83|COG5_HUMAN,Q9UP83,2,0,-2
sp|Q9UPN9|TRI33_HUMAN,Q9UPN9,2,0,-2
sp|Q9UPQ0|LIMC1_HUMAN,Q9UPQ0,2,0,-2
sp|Q9Y2S6|TMA7_HUMAN,Q9Y2S6,2,0,-2
sp|Q9Y2V7|COG6_HUMAN,Q9Y2V7,2,0,-2
sp|Q9Y312|AAR2_HUMAN,Q9Y312,2,0,-2
sp|Q9Y3E1|HDGR3_HUMAN,Q9Y3E1,2,0,-2
sp|Q9Y5U2|TSSC4_HUMAN,Q9Y5U2,2,0,-2
sp|Q9Y5X1|SNX9_HUMAN,Q9Y5X1,2,0,-2
sp|Q9Y5Z4|HEBP2_HUMAN,Q9Y5Z4,2,0,-2
sp|Q9Y697|NFS1_HUMAN,Q9Y697,2,0,-2
sp|Q9Y6C9|MTCH2_HUMAN,Q9Y6C9,2,0,-2
sp|Q9Y6H1|CHCH2_HUMAN,Q9Y6H1,2,0,-2
sp|O14786|NRP1_HUMAN,O14786,2,0,-2
sp|O60504|VINEX_HUMAN,O60504,2,0,-2
sp|O75844|FACE1_HUMAN,O75844,2,0,-2
sp|O95989|NUDT3_HUMAN,O95989,2,0,-2
sp|P08651|NFIC_HUMAN,P08651,2,0,-2
sp|P09234|RU1C_HUMAN,P09234,2,0,-2
sp|P13929|ENOB_HUMAN,P13929,2,0,-2
sp|P18754|RCC1_HUMAN,P18754,2,0,-2
sp|P33764|S10A3_HUMAN,P33764,2,0,-2
sp|P35612|ADDB_HUMAN,P35612,2,0,-2
sp|P49137|MAPK2_HUMAN,P49137,2,0,-2
sp|P50897|PPT1_HUMAN,P50897,2,0,-2
sp|P51649|SSDH_HUMAN,P51649,2,0,-2
sp|P53985|MOT1_HUMAN,P53985,2,0,-2
sp|P55957|BID_HUMAN,P55957,3,1,-2
sp|P61024|CKS1_HUMAN,P61024,2,0,-2
sp|P84085|ARF5_HUMAN,P84085,2,0,-2
sp|Q02127|PYRD_HUMAN,Q02127,2,0,-2
sp|Q12962|TAF10_HUMAN,Q12962,2,0,-2
sp|Q13131|AAPK1_HUMAN,Q13131,2,0,-2
sp|Q13895|BYST_HUMAN,Q13895,2,0,-2
sp|Q14032|BAAT_HUMAN,Q14032,2,0,-2
sp|Q16563|SYPL1_HUMAN,Q16563,2,0,-2
sp|Q5VWZ2|LYPL1_HUMAN,Q5VWZ2,2,0,-2
sp|Q5XKP0|MIC13_HUMAN,Q5XKP0,2,0,-2
sp|Q6EEV4|GL1AD_HUMAN,Q6EEV4,2,0,-2
sp|Q6P3W7|SCYL2_HUMAN,Q6P3W7,2,0,-2
sp|Q8IVD9|NUDC3_HUMAN,Q8IVD9,2,0,-2
sp|Q8IWS0|PHF6_HUMAN,Q8IWS0,2,0,-2
sp|Q8IZV5|RDH10_HUMAN,Q8IZV5,2,0,-2
sp|Q8N335|GPD1L_HUMAN,Q8N335,2,0,-2
sp|Q8NC56|LEMD2_HUMAN,Q8NC56,2,0,-2
sp|Q8NFH3|NUP43_HUMAN,Q8NFH3,2,0,-2
sp|Q8WUH1|CHUR_HUMAN,Q8WUH1,2,0,-2
sp|Q92538|GBF1_HUMAN,Q92538,2,0,-2
sp|Q969Z0|FAKD4_HUMAN,Q969Z0,2,0,-2
sp|Q96DH6|MSI2H_HUMAN,Q96DH6,2,0,-2
sp|Q96EL2|RT24_HUMAN,Q96EL2,2,0,-2
sp|Q96IK1|BOD1_HUMAN,Q96IK1,2,0,-2
sp|Q96J01|THOC3_HUMAN,Q96J01,2,0,-2
sp|Q96JQ2|CLMN_HUMAN,Q96JQ2,2,0,-2
sp|Q96RQ1|ERGI2_HUMAN,Q96RQ1,2,0,-2
sp|Q96S19|MTL26_HUMAN,Q96S19,2,0,-2
sp|Q96S52|PIGS_HUMAN,Q96S52,2,0,-2
sp|Q99961|SH3G1_HUMAN,Q99961,2,0,-2
sp|Q9BQA1|MEP50_HUMAN,Q9BQA1,2,0,-2
sp|Q9BSH5|HDHD3_HUMAN,Q9BSH5,2,0,-2
sp|Q9BTE6|AASD1_HUMAN,Q9BTE6,2,0,-2
sp|Q9BVC6|TM109_HUMAN,Q9BVC6,2,0,-2
sp|Q9GZT8|NIF3L_HUMAN,Q9GZT8,2,0,-2
sp|Q9H0V9|LMA2L_HUMAN,Q9H0V9,2,0,-2
sp|Q9H2U1|DHX36_HUMAN,Q9H2U1,2,0,-2
sp|Q9H3R2|MUC13_HUMAN,Q9H3R2,2,0,-2
sp|Q9UDW1|QCR9_HUMAN,Q9UDW1,2,0,-2
sp|Q9UJX3|APC7_HUMAN,Q9UJX3,2,0,-2
sp|Q9UPT8|ZC3H4_HUMAN,Q9UPT8,2,0,-2
sp|Q9Y6B6|SAR1B_HUMAN,Q9Y6B6,2,0,-2
sp|O00214|LEG8_HUMAN,O00214,2,0,-2
sp|O94874|UFL1_HUMAN,O94874,2,0,-2
sp|P19012|K1C15_HUMAN,P19012,2,0,-2
sp|P42574|CASP3_HUMAN,P42574,2,0,-2
sp|P62714|PP2AB_HUMAN,P62714,2,0,-2
sp|P82932|RT06_HUMAN,P82932,2,0,-2
sp|Q01459|DIAC_HUMAN,Q01459,2,0,-2
sp|Q147X3|NAA30_HUMAN,Q147X3,2,0,-2
sp|Q16539|MK14_HUMAN,Q16539,2,0,-2
sp|Q2TAL8|QRIC1_HUMAN,Q2TAL8,2,0,-2
sp|Q49A26|GLYR1_HUMAN,Q49A26,2,0,-2
sp|Q99567|NUP88_HUMAN,Q99567,2,0,-2
sp|Q9BT09|CNPY3_HUMAN,Q9BT09,2,0,-2
sp|Q9BVJ7|DUS23_HUMAN,Q9BVJ7,2,0,-2
sp|Q9BY43|CHM4A_HUMAN,Q9BY43,2,0,-2
sp|Q9H299|SH3L3_HUMAN,Q9H299,2,0,-2
sp|Q9HA77|SYCM_HUMAN,Q9HA77,2,0,-2
sp|Q9Y2X9|ZN281_HUMAN,Q9Y2X9,2,0,-2
sp|P17676|CEBPB_HUMAN,P17676,2,0,-2
sp|P49914|MTHFS_HUMAN,P49914,2,0,-2
sp|Q0VDF9|HSP7E_HUMAN,Q0VDF9,2,0,-2
sp|Q15599|NHRF2_HUMAN,Q15599,2,0,-2
sp|Q5T653|RM02_HUMAN,Q5T653,2,0,-2
sp|Q7Z2K6|ERMP1_HUMAN,Q7Z2K6,2,0,-2
sp|Q96KG9|SCYL1_HUMAN,Q96KG9,2,0,-2
sp|Q9GZU8|PIP30_HUMAN,Q9GZU8,2,0,-2
sp|Q9Y624|JAM1_HUMAN,Q9Y624,2,0,-2
sp|O75879|GATB_HUMAN,O75879,2,0,-2
sp|Q8TEA8|DTD1_HUMAN,Q8TEA8,2,0,-2
sp|Q96ER9|MITOK_HUMAN,Q96ER9,2,0,-2
sp|Q96JY6|PDLI2_HUMAN,Q96JY6,2,0,-2
sp|Q9BQ67|GRWD1_HUMAN,Q9BQ67,2,0,-2
sp|Q9H7X7|IFT22_HUMAN,Q9H7X7,2,0,-2
sp|Q9HCN8|SDF2L_HUMAN,Q9HCN8,2,0,-2
sp|Q9NSQ0|RRP7B_HUMAN,Q9NSQ0,2,0,-2
sp|Q9NZ08|ERAP1_HUMAN,Q9NZ08,2,0,-2
sp|O60220|TIM8A_HUMAN,O60220,2,0,-2
sp|O75616|ERAL1_HUMAN,O75616,2,0,-2
sp|P0DPB6|RPAC2_HUMAN,P0DPB6,2,0,-2
sp|Q5TEC6|H37_HUMAN,Q5TEC6,2,0,-2
sp|Q96H79|ZCCHL_HUMAN,Q96H79,2,0,-2
sp|Q96LD4|TRI47_HUMAN,Q96LD4,2,0,-2
sp|Q96SU4|OSBL9_HUMAN,Q96SU4,2,0,-2
sp|Q96TA2|YMEL1_HUMAN,Q96TA2,2,0,-2
sp|Q9NSK7|CS012_HUMAN,Q9NSK7,2,0,-2
sp|Q9P016|THYN1_HUMAN,Q9P016,2,0,-2
sp|Q9Y3A6|TMED5_HUMAN,Q9Y3A6,2,0,-2
sp|P49005|DPOD2_HUMAN,P49005,2,0,-2
sp|Q15629|TRAM1_HUMAN,Q15629,2,0,-2
sp|Q17RN3|FA98C_HUMAN,Q17RN3,2,0,-2
sp|Q9NYB0|TE2IP_HUMAN,Q9NYB0,2,0,-2
sp|Q9P0T7|TMEM9_HUMAN,Q9P0T7,2,0,-2
sp|Q9UKR5|ERG28_HUMAN,Q9UKR5,2,0,-2
sp|Q9Y606|PUS1_HUMAN,Q9Y606,2,0,-2
sp|O94888|UBXN7_HUMAN,O94888,2,0,-2
sp|Q15800|MSMO1_HUMAN,Q15800,2,0,-2
sp|Q8TAG9|EXOC6_HUMAN,Q8TAG9,2,0,-2
sp|Q9Y3B8|ORN_HUMAN,Q9Y3B8,2,0,-2
sp|Q13685|AAMP_HUMAN,Q13685,2,0,-2
sp|Q5HYI7|MTX3_HUMAN,Q5HYI7,2,0,-2
sp|Q7Z7F7|RM55_HUMAN,Q7Z7F7,2,0,-2
sp|Q9P0M9|RM27_HUMAN,Q9P0M9,2,0,-2
sp|O00442|RTCA_HUMAN,O00442,2,0,-2
sp|P04908|H2A1B_HUMAN,P04908,2,0,-2
sp|P46734|MP2K3_HUMAN,P46734,2,0,-2
sp|Q86TU7|SETD3_HUMAN,Q86TU7,2,0,-2
sp|Q8IYI6|EXOC8_HUMAN,Q8IYI6,2,0,-2
sp|O95340|PAPS2_HUMAN,O95340,2,0,-2
sp|P33552|CKS2_HUMAN,P33552,2,0,-2
sp|P49459|UBE2A_HUMAN,P49459,2,0,-2
sp|Q15043|S39AE_HUMAN,Q15043,2,0,-2
sp|Q16537|2A5E_HUMAN,Q16537,2,0,-2
sp|Q96I36|COX14_HUMAN,Q96I36,2,0,-2
sp|O43353|RIPK2_HUMAN,O43353,2,0,-2
sp|Q8WUP2|FBLI1_HUMAN,Q8WUP2,2,0,-2
sp|Q9Y3B9|RRP15_HUMAN,Q9Y3B9,2,0,-2
sp|Q8N9A8|NEPR1_HUMAN,Q8N9A8,2,0,-2
sp|Q05519|SRS11_HUMAN,Q05519,2,0,-2
sp|Q53H12|AGK_HUMAN,Q53H12,2,0,-2
sp|Q7Z5H4|VN1R5_HUMAN,Q7Z5H4,2,0,-2
sp|Q96PV6|LENG8_HUMAN,Q96PV6,2,0,-2
sp|O00499|BIN1_HUMAN,O00499,2,0,-2
sp|P08582|TRFM_HUMAN,P08582,2,0,-2
sp|Q9UDY8|MALT1_HUMAN,Q9UDY8,2,0,-2
sp|Q6YP21|KAT3_HUMAN,Q6YP21,2,0,-2
sp|Q9BYG5|PAR6B_HUMAN,Q9BYG5,2,0,-2
sp|Q9HBH5|RDH14_HUMAN,Q9HBH5,2,0,-2
sp|O43181|NDUS4_HUMAN,O43181,2,0,-2
sp|O75911|DHRS3_HUMAN,O75911,2,0,-2
sp|P40199|CEAM6_HUMAN,P40199,2,0,-2
sp|Q96GG9|DCNL1_HUMAN,Q96GG9,2,0,-2
sp|O75865|TPC6A_HUMAN,O75865,2,0,-2
sp|Q6QNY0|BL1S3_HUMAN,Q6QNY0,2,0,-2
sp|P39880|CUX1_HUMAN,P39880,2,0,-2
sp|Q9UG63|ABCF2_HUMAN,Q9UG63,2,0,-2
sp|Q9Y3D7|TIM16_HUMAN,Q9Y3D7,2,0,-2
sp|Q9Y6N1|COX11_HUMAN,Q9Y6N1,2,0,-2
sp|Q9UL40|ZN346_HUMAN,Q9UL40,2,0,-2
sp|Q9Y6I9|TX264_HUMAN,Q9Y6I9,2,0,-2
sp|O14773|TPP1_HUMAN,O14773,2,0,-2
sp|P40855|PEX19_HUMAN,P40855,2,0,-2
sp|Q9BPU6|DPYL5_HUMAN,Q9BPU6,2,0,-2
sp|O75695|XRP2_HUMAN,O75695,2,0,-2
sp|Q14012|KCC1A_HUMAN,Q14012,2,0,-2
sp|Q12974|TP4A2_HUMAN,Q12974,2,0,-2
sp|Q9Y5R8|TPPC1_HUMAN,Q9Y5R8,2,0,-2
sp|Q16594|TAF9_HUMAN,Q16594,2,0,-2
sp|Q8IXM3|RM41_HUMAN,Q8IXM3,2,0,-2
sp|Q9Y2P8|RCL1_HUMAN,Q9Y2P8,2,0,-2
sp|P63172|DYLT1_HUMAN,P63172,2,0,-2
sp|Q9Y2Q9|RT28_HUMAN,Q9Y2Q9,2,0,-2
sp|O95749|GGPPS_HUMAN,O95749,2,0,-2
sp|Q9H9A6|LRC40_HUMAN,Q9H9A6,2,0,-2
sp|Q92785|REQU_HUMAN,Q92785,2,0,-2
sp|Q96H20|SNF8_HUMAN,Q96H20,2,0,-2
sp|Q9UHJ6|SHPK_HUMAN,Q9UHJ6,2,0,-2
sp|Q9NPL8|TIDC1_HUMAN,Q9NPL8,2,0,-2
sp|P00966|ASSY_HUMAN,P00966,2,0,-2
sp|P32970|CD70_HUMAN,P32970,2,0,-2
sp|Q9NUM4|T106B_HUMAN,Q9NUM4,2,0,-2
sp|A6NHQ2|FBLL1_HUMAN,A6NHQ2,2,0,-2
sp|P10321|HLAC_HUMAN,P10321,2,0,-2
sp|Q92743|HTRA1_HUMAN,Q92743,2,0,-2
sp|P47224|MSS4_HUMAN,P47224,2,0,-2
sp|Q13625|ASPP2_HUMAN,Q13625,2,0,-2
sp|Q9NPD3|EXOS4_HUMAN,Q9NPD3,2,0,-2
sp|P46934|NEDD4_HUMAN,P46934,2,0,-2
sp|Q8IUE6|H2A2B_HUMAN,Q8IUE6,2,0,-2
sp|P10109|ADX_HUMAN,P10109,2,0,-2
sp|Q9H788|SH24A_HUMAN,Q9H788,2,0,-2
sp|P00749|UROK_HUMAN,P00749,2,0,-2
sp|Q13616|CUL1_HUMAN,Q13616,2,0,-2
sp|Q9BYV8|CEP41_HUMAN,Q9BYV8,2,0,-2
sp|Q9NZ63|TLS1_HUMAN,Q9NZ63,2,0,-2
sp|Q8N4A0|GALT4_HUMAN,Q8N4A0,2,0,-2
sp|Q6UN15|FIP1_HUMAN,Q6UN15,2,0,-2
sp|O95721|SNP29_HUMAN,O95721,2,0,-2
sp|A9QM74|IMA8_HUMAN,A9QM74,2,0,-2
sp|P12074|CX6A1_HUMAN,P12074,2,0,-2
sp|P17302|CXA1_HUMAN,P17302,2,0,-2
sp|P17568|NDUB7_HUMAN,P17568,2,0,-2
sp|P57739|CLD2_HUMAN,P57739,2,0,-2
sp|Q13641|TPBG_HUMAN,Q13641,2,0,-2
sp|Q3MHD2|LSM12_HUMAN,Q3MHD2,2,0,-2
sp|Q8N6H7|ARFG2_HUMAN,Q8N6H7,2,0,-2
sp|Q8NDC0|MISSL_HUMAN,Q8NDC0,2,0,-2
sp|Q9BRT3|MIEN1_HUMAN,Q9BRT3,2,0,-2
sp|Q9NVS9|PNPO_HUMAN,Q9NVS9,2,0,-2
sp|Q9P1F3|ABRAL_HUMAN,Q9P1F3,2,0,-2
sp|Q9UNL2|SSRG_HUMAN,Q9UNL2,2,0,-2
sp|Q9Y4Y9|LSM5_HUMAN,Q9Y4Y9,2,0,-2
sp|Q86U44|MTA70_HUMAN,Q86U44,2,0,-2
sp|Q96ND0|F210A_HUMAN,Q96ND0,2,0,-2
sp|Q9C0E8|LNP_HUMAN,Q9C0E8,2,0,-2
sp|P28907|CD38_HUMAN,P28907,2,0,-2
sp|O94919|ENDD1_HUMAN,O94919,2,0,-2
sp|P20962|PTMS_HUMAN,P20962,2,0,-2
sp|Q14691|PSF1_HUMAN,Q14691,2,0,-2
sp|Q8NEY8|PPHLN_HUMAN,Q8NEY8,2,0,-2
sp|P08174|DAF_HUMAN,P08174,2,0,-2
sp|Q15004|PAF15_HUMAN,Q15004,2,0,-2
sp|A0A0U1RR11|CENL1_HUMAN,A0A0U1RR11,2,0,-2
sp|P29558|RBMS1_HUMAN,P29558,2,0,-2
sp|O60513|B4GT4_HUMAN,O60513,2,0,-2
sp|O60927|PP1RB_HUMAN,O60927,2,0,-2
sp|P17152|TMM11_HUMAN,P17152,2,0,-2
sp|A0AV96|RBM47_HUMAN,A0AV96,3,0,-3
sp|A9UHW6|MI4GD_HUMAN,A9UHW6,3,0,-3
sp|O00422|SAP18_HUMAN,O00422,3,0,-3
sp|O00505|IMA4_HUMAN,O00505,3,0,-3
sp|O14497|ARI1A_HUMAN,O14497,3,0,-3
sp|O14618|CCS_HUMAN,O14618,3,0,-3
sp|O14656|TOR1A_HUMAN,O14656,3,0,-3
sp|O14684|PTGES_HUMAN,O14684,3,0,-3
sp|O14908|GIPC1_HUMAN,O14908,3,0,-3
sp|O14925|TIM23_HUMAN,O14925,3,0,-3
sp|O15014|ZN609_HUMAN,O15014,3,0,-3
sp|O15116|LSM1_HUMAN,O15116,3,0,-3
sp|O15126|SCAM1_HUMAN,O15126,3,0,-3
sp|O15438|MRP3_HUMAN,O15438,3,0,-3
sp|O15439|MRP4_HUMAN,O15439,3,0,-3
sp|O43172|PRP4_HUMAN,O43172,3,0,-3
sp|O43237|DC1L2_HUMAN,O43237,3,0,-3
sp|O43432|IF4G3_HUMAN,O43432,3,0,-3
sp|O43464|HTRA2_HUMAN,O43464,3,0,-3
sp|O43491|E41L2_HUMAN,O43491,3,0,-3
sp|O43493|TGON2_HUMAN,O43493,3,0,-3
sp|O43583|DENR_HUMAN,O43583,3,0,-3
sp|O43598|DNPH1_HUMAN,O43598,3,0,-3
sp|O43617|TPPC3_HUMAN,O43617,3,0,-3
sp|O43633|CHM2A_HUMAN,O43633,3,0,-3
sp|O43663|PRC1_HUMAN,O43663,3,0,-3
sp|O43665|RGS10_HUMAN,O43665,3,0,-3
sp|O43678|NDUA2_HUMAN,O43678,3,0,-3
sp|O43681|GET3_HUMAN,O43681,3,0,-3
sp|O43747|AP1G1_HUMAN,O43747,3,0,-3
sp|O43813|LANC1_HUMAN,O43813,3,0,-3
sp|O60232|ZNRD2_HUMAN,O60232,3,0,-3
sp|O60443|GSDME_HUMAN,O60443,3,0,-3
sp|O60678|ANM3_HUMAN,O60678,3,0,-3
sp|O60762|DPM1_HUMAN,O60762,3,0,-3
sp|O60830|TI17B_HUMAN,O60830,3,0,-3
sp|O75223|GGCT_HUMAN,O75223,3,0,-3
sp|O75312|ZPR1_HUMAN,O75312,3,0,-3
