Protein,Protein ID,Control,Treatment,Difference
sp|Q15149|PLEC_HUMAN,Q15149,98,239,141
sp|P05787|K2C8_HUMAN,P05787,118,253,135
sp|P05783|K1C18_HUMAN,P05783,104,204,100
sp|P78527|PRKDC_HUMAN,P78527,41,119,78
sp|P57053|H2BFS_HUMAN,P57053,0,70,70
sp|P42704|LPPRC_HUMAN,P42704,35,85,50
sp|P62805|H4_HUMAN,P62805,51,97,46
sp|P35579|MYH9_HUMAN,P35579,151,194,43
sp|P08670|VIME_HUMAN,P08670,71,113,42
sp|P16403|H12_HUMAN,P16403,4,35,31
sp|P31327|CPSM_HUMAN,P31327,31,62,31
sp|Q9Y5B9|SP16H_HUMAN,Q9Y5B9,4,35,31
sp|Q01082|SPTB2_HUMAN,Q01082,42,72,30
sp|P40939|ECHA_HUMAN,P40939,18,46,28
sp|O75643|U520_HUMAN,O75643,5,32,27
sp|P0C0S8|H2A1_HUMAN,P0C0S8,34,61,27
sp|Q6P2Q9|PRP8_HUMAN,Q6P2Q9,3,30,27
sp|P02545|LMNA_HUMAN,P02545,69,94,25
sp|P16615|AT2A2_HUMAN,P16615,5,30,25
sp|Q08211|DHX9_HUMAN,Q08211,11,35,24
sp|Q9BQG0|MBB1A_HUMAN,Q9BQG0,3,27,24
sp|Q9NZM1|MYOF_HUMAN,Q9NZM1,26,50,24
sp|Q14204|DYHC1_HUMAN,Q14204,71,94,23
sp|O75367|H2AY_HUMAN,O75367,4,26,22
sp|P33527|MRP1_HUMAN,P33527,15,36,21
sp|Q02880|TOP2B_HUMAN,Q02880,4,24,20
sp|Q13813|SPTN1_HUMAN,Q13813,50,70,20
sp|P07099|HYEP_HUMAN,P07099,25,44,19
sp|P35580|MYH10_HUMAN,P35580,14,33,19
sp|O00159|MYO1C_HUMAN,O00159,19,37,18
sp|P00367|DHE3_HUMAN,P00367,18,36,18
sp|P10412|H14_HUMAN,P10412,16,34,18
sp|P11021|BIP_HUMAN,P11021,90,108,18
sp|P20700|LMNB1_HUMAN,P20700,18,35,17
sp|Q08945|SSRP1_HUMAN,Q08945,3,20,17
sp|Q92616|GCN1_HUMAN,Q92616,26,43,17
sp|Q9BSJ8|ESYT1_HUMAN,Q9BSJ8,5,22,17
sp|Q14690|RRP5_HUMAN,Q14690,0,17,17
sp|O76021|RL1D1_HUMAN,O76021,4,20,16
sp|P14625|ENPL_HUMAN,P14625,62,78,16
sp|Q5SSJ5|HP1B3_HUMAN,Q5SSJ5,2,18,16
sp|Q9NR30|DDX21_HUMAN,Q9NR30,7,23,16
sp|Q9Y6N5|SQOR_HUMAN,Q9Y6N5,12,28,16
sp|O00567|NOP56_HUMAN,O00567,0,16,16
sp|O00148|DX39A_HUMAN,O00148,1,16,15
sp|O43795|MYO1B_HUMAN,O43795,19,34,15
sp|P05141|ADT2_HUMAN,P05141,30,45,15
sp|P33993|MCM7_HUMAN,P33993,9,24,15
sp|P11387|TOP1_HUMAN,P11387,0,15,15
sp|P09874|PARP1_HUMAN,P09874,13,27,14
sp|P54886|P5CS_HUMAN,P54886,2,16,14
sp|Q00839|HNRPU_HUMAN,Q00839,38,52,14
sp|Q15393|SF3B3_HUMAN,Q15393,5,19,14
sp|Q9NSE4|SYIM_HUMAN,Q9NSE4,5,19,14
sp|O94906|PRP6_HUMAN,O94906,1,15,14
sp|Q92878|RAD50_HUMAN,Q92878,0,14,14
sp|Q9UNX3|RL26L_HUMAN,Q9UNX3,0,14,14
sp|P08727|K1C19_HUMAN,P08727,15,28,13
sp|P09622|DLDH_HUMAN,P09622,9,22,13
sp|P13010|XRCC5_HUMAN,P13010,14,27,13
sp|P39023|RL3_HUMAN,P39023,30,43,13
sp|Q1KMD3|HNRL2_HUMAN,Q1KMD3,5,18,13
sp|Q5JTH9|RRP12_HUMAN,Q5JTH9,1,14,13
sp|O60264|SMCA5_HUMAN,O60264,0,13,13
sp|Q7L014|DDX46_HUMAN,Q7L014,0,13,13
sp|P15924|DESP_HUMAN,P15924,4,16,12
sp|P36776|LONM_HUMAN,P36776,6,18,12
sp|Q92614|MY18A_HUMAN,Q92614,5,17,12
sp|Q9UJS0|S2513_HUMAN,Q9UJS0,3,15,12
sp|O43790|KRT86_HUMAN,O43790,0,12,12
sp|P17480|UBF1_HUMAN,P17480,0,12,12
sp|Q29RF7|PDS5A_HUMAN,Q29RF7,0,12,12
sp|Q2TB90|HKDC1_HUMAN,Q2TB90,0,12,12
sp|Q9BZE4|GTPB4_HUMAN,Q9BZE4,0,12,12
sp|Q9H0A0|NAT10_HUMAN,Q9H0A0,0,12,12
sp|O75533|SF3B1_HUMAN,O75533,4,15,11
sp|O95573|ACSL3_HUMAN,O95573,12,23,11
sp|P05023|AT1A1_HUMAN,P05023,27,38,11
sp|P17252|KPCA_HUMAN,P17252,4,15,11
sp|P36578|RL4_HUMAN,P36578,34,45,11
sp|P46087|NOP2_HUMAN,P46087,3,14,11
sp|P49821|NDUV1_HUMAN,P49821,4,15,11
sp|P55084|ECHB_HUMAN,P55084,18,29,11
sp|Q13247|SRSF6_HUMAN,Q13247,2,13,11
sp|Q14683|SMC1A_HUMAN,Q14683,6,17,11
sp|Q9NYU2|UGGG1_HUMAN,Q9NYU2,7,18,11
sp|O75694|NU155_HUMAN,O75694,0,11,11
sp|Q92621|NU205_HUMAN,Q92621,0,11,11
sp|Q9BVP2|GNL3_HUMAN,Q9BVP2,0,11,11
sp|O43242|PSMD3_HUMAN,O43242,10,20,10
sp|O60568|PLOD3_HUMAN,O60568,2,12,10
sp|P04843|RPN1_HUMAN,P04843,20,30,10
sp|P21796|VDAC1_HUMAN,P21796,35,45,10
sp|P27635|RL10_HUMAN,P27635,10,20,10
sp|P47712|PA24A_HUMAN,P47712,11,21,10
sp|Q02218|ODO1_HUMAN,Q02218,2,12,10
sp|Q5T4S7|UBR4_HUMAN,Q5T4S7,6,16,10
sp|Q63HN8|RN213_HUMAN,Q63HN8,8,18,10
sp|Q8N1F7|NUP93_HUMAN,Q8N1F7,9,19,10
sp|Q02978|M2OM_HUMAN,Q02978,1,11,10
sp|P11388|TOP2A_HUMAN,P11388,0,10,10
sp|P11498|PYC_HUMAN,P11498,0,10,10
sp|P43246|MSH2_HUMAN,P43246,0,10,10
sp|P50416|CPT1A_HUMAN,P50416,0,10,10
sp|Q16778|H2B2E_HUMAN,Q16778,0,10,10
sp|O15438|MRP3_HUMAN,O15438,3,12,9
sp|O95831|AIFM1_HUMAN,O95831,19,28,9
sp|P05091|ALDH2_HUMAN,P05091,24,33,9
sp|P06396|GELS_HUMAN,P06396,7,16,9
sp|P16435|NCPR_HUMAN,P16435,15,24,9
sp|P19338|NUCL_HUMAN,P19338,47,56,9
sp|P26640|SYVC_HUMAN,P26640,8,17,9
sp|P29317|EPHA2_HUMAN,P29317,5,14,9
sp|P40429|RL13A_HUMAN,P40429,12,21,9
sp|P49748|ACADV_HUMAN,P49748,18,27,9
sp|P51812|KS6A3_HUMAN,P51812,8,17,9
sp|P62241|RS8_HUMAN,P62241,16,25,9
sp|Q03252|LMNB2_HUMAN,Q03252,9,18,9
sp|Q12797|ASPH_HUMAN,Q12797,18,27,9
sp|Q6NZI2|CAVN1_HUMAN,Q6NZI2,9,18,9
sp|Q6PI48|SYDM_HUMAN,Q6PI48,4,13,9
sp|Q7Z2K6|ERMP1_HUMAN,Q7Z2K6,2,11,9
sp|A0FGR8|ESYT2_HUMAN,A0FGR8,0,9,9
sp|P35900|K1C20_HUMAN,P35900,0,9,9
sp|P52701|MSH6_HUMAN,P52701,0,9,9
sp|Q14573|ITPR3_HUMAN,Q14573,0,9,9
sp|Q15020|SART3_HUMAN,Q15020,0,9,9
sp|Q7L2E3|DHX30_HUMAN,Q7L2E3,0,9,9
sp|Q8TCJ2|STT3B_HUMAN,Q8TCJ2,0,9,9
sp|Q9HD20|AT131_HUMAN,Q9HD20,0,9,9
sp|Q9NW13|RBM28_HUMAN,Q9NW13,0,9,9
sp|Q9UQE7|SMC3_HUMAN,Q9UQE7,0,9,9
sp|Q9Y2X3|NOP58_HUMAN,Q9Y2X3,0,9,9
sp|O00571|DDX3X_HUMAN,O00571,22,30,8
sp|P06756|ITAV_HUMAN,P06756,31,39,8
sp|P08559|ODPA_HUMAN,P08559,10,18,8
sp|P20020|AT2B1_HUMAN,P20020,21,29,8
sp|P23284|PPIB_HUMAN,P23284,51,59,8
sp|P30837|AL1B1_HUMAN,P30837,9,17,8
sp|P42167|LAP2B_HUMAN,P42167,9,17,8
sp|P61221|ABCE1_HUMAN,P61221,11,19,8
sp|P61313|RL15_HUMAN,P61313,12,20,8
sp|P62424|RL7A_HUMAN,P62424,20,28,8
sp|Q02543|RL18A_HUMAN,Q02543,16,24,8
sp|Q13200|PSMD2_HUMAN,Q13200,21,29,8
sp|Q16629|SRSF7_HUMAN,Q16629,6,14,8
sp|Q709C8|VP13C_HUMAN,Q709C8,1,9,8
sp|Q7Z2W4|ZCCHV_HUMAN,Q7Z2W4,10,18,8
sp|Q8N766|EMC1_HUMAN,Q8N766,2,10,8
sp|Q8TEM1|PO210_HUMAN,Q8TEM1,6,14,8
sp|Q92887|MRP2_HUMAN,Q92887,3,11,8
sp|Q9P2E9|RRBP1_HUMAN,Q9P2E9,36,44,8
sp|P03928|ATP8_HUMAN,P03928,0,8,8
sp|P19367|HXK1_HUMAN,P19367,0,8,8
sp|P28288|ABCD3_HUMAN,P28288,0,8,8
sp|P63096|GNAI1_HUMAN,P63096,0,8,8
sp|P98160|PGBM_HUMAN,P98160,0,8,8
sp|Q8IY81|SPB1_HUMAN,Q8IY81,0,8,8
sp|Q8TCS8|PNPT1_HUMAN,Q8TCS8,0,8,8
sp|Q9BTV4|TMM43_HUMAN,Q9BTV4,0,8,8
sp|Q9HD45|TM9S3_HUMAN,Q9HD45,0,8,8
sp|Q9UIG0|BAZ1B_HUMAN,Q9UIG0,0,8,8
sp|O43143|DHX15_HUMAN,O43143,7,14,7
sp|P04040|CATA_HUMAN,P04040,9,16,7
sp|P10620|MGST1_HUMAN,P10620,10,17,7
sp|P13611|CSPG2_HUMAN,P13611,6,13,7
sp|P16401|H15_HUMAN,P16401,2,9,7
sp|P25205|MCM3_HUMAN,P25205,8,15,7
sp|P26006|ITA3_HUMAN,P26006,13,20,7
sp|P38919|IF4A3_HUMAN,P38919,9,16,7
sp|P43034|LIS1_HUMAN,P43034,9,16,7
sp|P62701|RS4X_HUMAN,P62701,20,27,7
sp|P62995|TRA2B_HUMAN,P62995,3,10,7
sp|P83731|RL24_HUMAN,P83731,8,15,7
sp|Q00610|CLH1_HUMAN,Q00610,75,82,7
sp|Q12931|TRAP1_HUMAN,Q12931,15,22,7
sp|Q15029|U5S1_HUMAN,Q15029,6,13,7
sp|Q15436|SC23A_HUMAN,Q15436,6,13,7
sp|Q9NTJ3|SMC4_HUMAN,Q9NTJ3,4,11,7
sp|P43155|CACP_HUMAN,P43155,1,8,7
sp|Q92538|GBF1_HUMAN,Q92538,2,9,7
sp|P36873|PP1G_HUMAN,P36873,1,8,7
sp|Q13428|TCOF_HUMAN,Q13428,1,8,7
sp|O00116|ADAS_HUMAN,O00116,0,7,7
sp|O43615|TIM44_HUMAN,O43615,0,7,7
sp|O95470|SGPL1_HUMAN,O95470,0,7,7
sp|Q14344|GNA13_HUMAN,Q14344,0,7,7
sp|Q15287|RNPS1_HUMAN,Q15287,0,7,7
sp|Q8NI36|WDR36_HUMAN,Q8NI36,0,7,7
sp|Q9BUQ8|DDX23_HUMAN,Q9BUQ8,0,7,7
sp|Q9NXF1|TEX10_HUMAN,Q9NXF1,0,7,7
sp|Q9UH99|SUN2_HUMAN,Q9UH99,0,7,7
sp|Q9UKK3|PARP4_HUMAN,Q9UKK3,0,7,7
sp|Q9UQ35|SRRM2_HUMAN,Q9UQ35,0,7,7
sp|Q9Y3T9|NOC2L_HUMAN,Q9Y3T9,0,7,7
sp|O75955|FLOT1_HUMAN,O75955,10,16,6
sp|O95299|NDUAA_HUMAN,O95299,3,9,6
sp|P04844|RPN2_HUMAN,P04844,12,18,6
sp|P08729|K2C7_HUMAN,P08729,60,66,6
sp|P18124|RL7_HUMAN,P18124,15,21,6
sp|P19525|E2AK2_HUMAN,P19525,4,10,6
sp|P19784|CSK22_HUMAN,P19784,2,8,6
sp|P23396|RS3_HUMAN,P23396,31,37,6
sp|P28331|NDUS1_HUMAN,P28331,20,26,6
sp|P30101|PDIA3_HUMAN,P30101,51,57,6
sp|P31040|SDHA_HUMAN,P31040,14,20,6
sp|P33992|MCM5_HUMAN,P33992,4,10,6
sp|P36542|ATPG_HUMAN,P36542,6,12,6
sp|P43304|GPDM_HUMAN,P43304,9,15,6
sp|P46459|NSF_HUMAN,P46459,6,12,6
sp|P46777|RL5_HUMAN,P46777,19,25,6
sp|P46779|RL28_HUMAN,P46779,7,13,6
sp|P49753|ACOT2_HUMAN,P49753,7,13,6
sp|P49792|RBP2_HUMAN,P49792,3,9,6
sp|P50454|SERPH_HUMAN,P50454,16,22,6
sp|P53621|COPA_HUMAN,P53621,23,29,6
sp|P61026|RAB10_HUMAN,P61026,13,19,6
sp|P68431|H31_HUMAN,P68431,13,19,6
sp|Q12965|MYO1E_HUMAN,Q12965,9,15,6
sp|Q13576|IQGA2_HUMAN,Q13576,2,8,6
sp|Q14566|MCM6_HUMAN,Q14566,5,11,6
sp|Q93008|USP9X_HUMAN,Q93008,10,16,6
sp|Q99798|ACON_HUMAN,Q99798,11,17,6
sp|Q9NP81|SYSM_HUMAN,Q9NP81,9,15,6
sp|Q9UIJ7|KAD3_HUMAN,Q9UIJ7,9,15,6
sp|Q9Y2W1|TR150_HUMAN,Q9Y2W1,6,12,6
sp|Q9Y4W6|AFG32_HUMAN,Q9Y4W6,6,12,6
sp|O14975|S27A2_HUMAN,O14975,0,6,6
sp|O15042|SR140_HUMAN,O15042,0,6,6
sp|O15226|NKRF_HUMAN,O15226,0,6,6
sp|P05165|PCCA_HUMAN,P05165,0,6,6
sp|P19013|K2C4_HUMAN,P19013,0,6,6
sp|P46939|UTRN_HUMAN,P46939,0,6,6
sp|P82933|RT09_HUMAN,P82933,0,6,6
sp|Q01780|EXOSX_HUMAN,Q01780,0,6,6
sp|Q12769|NU160_HUMAN,Q12769,0,6,6
sp|Q12788|TBL3_HUMAN,Q12788,0,6,6
sp|Q13595|TRA2A_HUMAN,Q13595,0,6,6
sp|Q15382|RHEB_HUMAN,Q15382,0,6,6
sp|Q8IZL8|PELP1_HUMAN,Q8IZL8,0,6,6
sp|Q8TEQ6|GEMI5_HUMAN,Q8TEQ6,0,6,6
sp|Q8WUY1|THEM6_HUMAN,Q8WUY1,0,6,6
sp|Q96GQ7|DDX27_HUMAN,Q96GQ7,0,6,6
sp|Q9BVI4|NOC4L_HUMAN,Q9BVI4,0,6,6
sp|Q9BW92|SYTM_HUMAN,Q9BW92,0,6,6
sp|Q9H6R4|NOL6_HUMAN,Q9H6R4,0,6,6
sp|Q9H845|ACAD9_HUMAN,Q9H845,0,6,6
sp|Q9NTJ5|SAC1_HUMAN,Q9NTJ5,0,6,6
sp|O15031|PLXB2_HUMAN,O15031,9,14,5
sp|O43747|AP1G1_HUMAN,O43747,3,8,5
sp|O60313|OPA1_HUMAN,O60313,5,10,5
sp|O75477|ERLN1_HUMAN,O75477,5,10,5
sp|O76094|SRP72_HUMAN,O76094,7,12,5
sp|P10253|LYAG_HUMAN,P10253,8,13,5
sp|P12956|XRCC6_HUMAN,P12956,25,30,5
sp|P22695|QCR2_HUMAN,P22695,18,23,5
sp|P24539|AT5F1_HUMAN,P24539,11,16,5
sp|P42677|RS27_HUMAN,P42677,3,8,5
sp|P46776|RL27A_HUMAN,P46776,3,8,5
sp|P46781|RS9_HUMAN,P46781,22,27,5
sp|P48735|IDHP_HUMAN,P48735,11,16,5
sp|P50914|RL14_HUMAN,P50914,9,14,5
sp|P55265|DSRAD_HUMAN,P55265,10,15,5
sp|P61019|RAB2A_HUMAN,P61019,9,14,5
sp|P61247|RS3A_HUMAN,P61247,29,34,5
sp|P61353|RL27_HUMAN,P61353,9,14,5
sp|P62269|RS18_HUMAN,P62269,16,21,5
sp|P62906|RL10A_HUMAN,P62906,10,15,5
sp|P62917|RL8_HUMAN,P62917,15,20,5
sp|P68366|TBA4A_HUMAN,P68366,19,24,5
sp|P78347|GTF2I_HUMAN,P78347,8,13,5
sp|Q05193|DYN1_HUMAN,Q05193,11,16,5
sp|Q07020|RL18_HUMAN,Q07020,18,23,5
sp|Q14254|FLOT2_HUMAN,Q14254,8,13,5
sp|Q16795|NDUA9_HUMAN,Q16795,6,11,5
sp|Q8NBX0|SCPDL_HUMAN,Q8NBX0,2,7,5
sp|Q96A33|CCD47_HUMAN,Q96A33,11,16,5
sp|Q99460|PSMD1_HUMAN,Q99460,22,27,5
sp|Q99873|ANM1_HUMAN,Q99873,9,14,5
sp|Q9BUF5|TBB6_HUMAN,Q9BUF5,3,8,5
sp|Q9BYT8|NEUL_HUMAN,Q9BYT8,12,17,5
sp|Q9NZ01|TECR_HUMAN,Q9NZ01,6,11,5
sp|Q9P0K7|RAI14_HUMAN,Q9P0K7,5,10,5
sp|Q9UHB9|SRP68_HUMAN,Q9UHB9,10,15,5
sp|Q9Y6C9|MTCH2_HUMAN,Q9Y6C9,2,7,5
sp|Q8IZV5|RDH10_HUMAN,Q8IZV5,2,7,5
sp|Q969Z0|FAKD4_HUMAN,Q969Z0,2,7,5
sp|Q9BQ67|GRWD1_HUMAN,Q9BQ67,2,7,5
sp|Q96EY7|PTCD3_HUMAN,Q96EY7,1,6,5
sp|A0AVT1|UBA6_HUMAN,A0AVT1,1,6,5
sp|P69905|HBA_HUMAN,P69905,1,6,5
sp|Q96N66|MBOA7_HUMAN,Q96N66,1,6,5
sp|Q9BZG1|RAB34_HUMAN,Q9BZG1,1,6,5
sp|O75400|PR40A_HUMAN,O75400,0,5,5
sp|O75691|UTP20_HUMAN,O75691,0,5,5
sp|P27361|MK03_HUMAN,P27361,0,5,5
sp|P28370|SMCA1_HUMAN,P28370,0,5,5
sp|P46977|STT3A_HUMAN,P46977,0,5,5
sp|P49916|DNLI3_HUMAN,P49916,0,5,5
sp|P78345|RPP38_HUMAN,P78345,0,5,5
sp|Q13823|NOG2_HUMAN,Q13823,0,5,5
sp|Q14137|BOP1_HUMAN,Q14137,0,5,5
sp|Q14669|TRIPC_HUMAN,Q14669,0,5,5
sp|Q14839|CHD4_HUMAN,Q14839,0,5,5
sp|Q4G176|ACSF3_HUMAN,Q4G176,0,5,5
sp|Q7L592|NDUF7_HUMAN,Q7L592,0,5,5
sp|Q96FZ7|CHMP6_HUMAN,Q96FZ7,0,5,5
sp|Q99797|MIPEP_HUMAN,Q99797,0,5,5
sp|Q99848|EBP2_HUMAN,Q99848,0,5,5
sp|Q9BTW9|TBCD_HUMAN,Q9BTW9,0,5,5
sp|Q9BV38|WDR18_HUMAN,Q9BV38,0,5,5
sp|Q9GZR7|DDX24_HUMAN,Q9GZR7,0,5,5
sp|Q9NVP1|DDX18_HUMAN,Q9NVP1,0,5,5
sp|Q9P035|HACD3_HUMAN,Q9P035,0,5,5
sp|Q9P0M6|H2AW_HUMAN,Q9P0M6,0,5,5
sp|Q9UGP8|SEC63_HUMAN,Q9UGP8,0,5,5
sp|Q9Y5J1|UTP18_HUMAN,Q9Y5J1,0,5,5
sp|Q9Y6K5|OAS3_HUMAN,Q9Y6K5,0,5,5
sp|O15230|LAMA5_HUMAN,O15230,11,15,4
sp|O15260|SURF4_HUMAN,O15260,2,6,4
sp|O43681|GET3_HUMAN,O43681,3,7,4
sp|O43837|IDH3B_HUMAN,O43837,7,11,4
sp|O75439|MPPB_HUMAN,O75439,3,7,4
sp|O95182|NDUA7_HUMAN,O95182,3,7,4
sp|P00403|COX2_HUMAN,P00403,3,7,4
sp|P06576|ATPB_HUMAN,P06576,56,60,4
sp|P07237|PDIA1_HUMAN,P07237,75,79,4
sp|P09543|CN37_HUMAN,P09543,9,13,4
sp|P09669|COX6C_HUMAN,P09669,7,11,4
sp|P18621|RL17_HUMAN,P18621,11,15,4
sp|P21980|TGM2_HUMAN,P21980,11,15,4
sp|P25705|ATPA_HUMAN,P25705,60,64,4
sp|P33991|MCM4_HUMAN,P33991,8,12,4
sp|P35606|COPB2_HUMAN,P35606,12,16,4
sp|P36551|HEM6_HUMAN,P36551,4,8,4
sp|P36957|ODO2_HUMAN,P36957,10,14,4
sp|P48444|COPD_HUMAN,P48444,8,12,4
sp|P53007|TXTP_HUMAN,P53007,3,7,4
sp|P61586|RHOA_HUMAN,P61586,15,19,4
sp|P62851|RS25_HUMAN,P62851,7,11,4
sp|P62879|GBB2_HUMAN,P62879,5,9,4
sp|P83111|LACTB_HUMAN,P83111,3,7,4
sp|Q02241|KIF23_HUMAN,Q02241,5,9,4
sp|Q02809|PLOD1_HUMAN,Q02809,7,11,4
sp|Q08J23|NSUN2_HUMAN,Q08J23,8,12,4
sp|Q5JTV8|TOIP1_HUMAN,Q5JTV8,6,10,4
sp|Q5VYK3|ECM29_HUMAN,Q5VYK3,7,11,4
sp|Q6PIU2|NCEH1_HUMAN,Q6PIU2,8,12,4
sp|Q8NBJ5|GT251_HUMAN,Q8NBJ5,9,13,4
sp|Q92499|DDX1_HUMAN,Q92499,10,14,4
sp|Q96HE7|ERO1A_HUMAN,Q96HE7,12,16,4
sp|Q9BUJ2|HNRL1_HUMAN,Q9BUJ2,21,25,4
sp|Q9H3P7|GCP60_HUMAN,Q9H3P7,3,7,4
sp|Q9H488|OFUT1_HUMAN,Q9H488,3,7,4
sp|Q9NYF8|BCLF1_HUMAN,Q9NYF8,4,8,4
sp|Q9NZB2|F120A_HUMAN,Q9NZB2,7,11,4
sp|Q9NZN4|EHD2_HUMAN,Q9NZN4,17,21,4
sp|Q9UKD2|MRT4_HUMAN,Q9UKD2,5,9,4
sp|Q9Y230|RUVB2_HUMAN,Q9Y230,24,28,4
sp|Q9Y2A7|NCKP1_HUMAN,Q9Y2A7,6,10,4
sp|Q9Y678|COPG1_HUMAN,Q9Y678,11,15,4
sp|Q9Y6M9|NDUB9_HUMAN,Q9Y6M9,5,9,4
sp|P51649|SSDH_HUMAN,P51649,2,6,4
sp|Q8N983|RM43_HUMAN,Q8N983,1,5,4
sp|Q96DI7|SNR40_HUMAN,Q96DI7,1,5,4
sp|Q9UJX3|APC7_HUMAN,Q9UJX3,2,6,4
sp|Q9NZ08|ERAP1_HUMAN,Q9NZ08,2,6,4
sp|Q96LD4|TRI47_HUMAN,Q96LD4,2,6,4
sp|O60684|IMA7_HUMAN,O60684,1,5,4
sp|O95340|PAPS2_HUMAN,O95340,2,6,4
sp|Q9UG63|ABCF2_HUMAN,Q9UG63,2,6,4
sp|Q08431|MFGM_HUMAN,Q08431,1,5,4
sp|Q643R3|LPCT4_HUMAN,Q643R3,1,5,4
sp|Q15397|PUM3_HUMAN,Q15397,1,5,4
sp|Q8IXB1|DJC10_HUMAN,Q8IXB1,1,5,4
sp|A8MXV4|NUD19_HUMAN,A8MXV4,0,4,4
sp|O00139|KIF2A_HUMAN,O00139,0,4,4
sp|O00161|SNP23_HUMAN,O00161,0,4,4
sp|O14578|CTRO_HUMAN,O14578,0,4,4
sp|O43292|GPAA1_HUMAN,O43292,0,4,4
sp|O43676|NDUB3_HUMAN,O43676,0,4,4
sp|O75494|SRS10_HUMAN,O75494,0,4,4
sp|P11182|ODB2_HUMAN,P11182,0,4,4
sp|P26368|U2AF2_HUMAN,P26368,0,4,4
sp|P28340|DPOD1_HUMAN,P28340,0,4,4
sp|P47895|AL1A3_HUMAN,P47895,0,4,4
sp|P63092|GNAS2_HUMAN,P63092,0,4,4
sp|Q08426|ECHP_HUMAN,Q08426,0,4,4
sp|Q10570|CPSF1_HUMAN,Q10570,0,4,4
sp|Q13425|SNTB2_HUMAN,Q13425,0,4,4
sp|Q13488|VPP3_HUMAN,Q13488,0,4,4
sp|Q14978|NOLC1_HUMAN,Q14978,0,4,4
sp|Q15031|SYLM_HUMAN,Q15031,0,4,4
sp|Q4KMQ2|ANO6_HUMAN,Q4KMQ2,0,4,4
sp|Q8IXI1|MIRO2_HUMAN,Q8IXI1,0,4,4
sp|Q92522|H1X_HUMAN,Q92522,0,4,4
sp|Q92544|TM9S4_HUMAN,Q92544,0,4,4
sp|Q93050|VPP1_HUMAN,Q93050,0,4,4
sp|Q9H0U3|MAGT1_HUMAN,Q9H0U3,0,4,4
sp|Q9H307|PININ_HUMAN,Q9H307,0,4,4
sp|Q9H583|HEAT1_HUMAN,Q9H583,0,4,4
sp|Q9H7B2|RPF2_HUMAN,Q9H7B2,0,4,4
sp|Q9NTI5|PDS5B_HUMAN,Q9NTI5,0,4,4
sp|Q9NVH1|DJC11_HUMAN,Q9NVH1,0,4,4
sp|Q9NYH9|UTP6_HUMAN,Q9NYH9,0,4,4
sp|Q9UBM7|DHCR7_HUMAN,Q9UBM7,0,4,4
sp|Q9UKF6|CPSF3_HUMAN,Q9UKF6,0,4,4
sp|Q9Y3C1|NOP16_HUMAN,Q9Y3C1,0,4,4
sp|Q9Y6Y8|S23IP_HUMAN,Q9Y6Y8,0,4,4
sp|O00231|PSD11_HUMAN,O00231,12,15,3
sp|O00541|PESC_HUMAN,O00541,2,5,3
sp|O15382|BCAT2_HUMAN,O15382,4,7,3
sp|O75489|NDUS3_HUMAN,O75489,11,14,3
sp|O94766|B3GA3_HUMAN,O94766,3,6,3
sp|O95302|FKBP9_HUMAN,O95302,5,8,3
sp|P07948|LYN_HUMAN,P07948,3,6,3
sp|P08195|4F2_HUMAN,P08195,41,44,3
sp|P11172|UMPS_HUMAN,P11172,7,10,3
sp|P12236|ADT3_HUMAN,P12236,6,9,3
sp|P13667|PDIA4_HUMAN,P13667,52,55,3
sp|P14735|IDE_HUMAN,P14735,8,11,3
sp|P15151|PVR_HUMAN,P15151,3,6,3
sp|P16402|H13_HUMAN,P16402,2,5,3
sp|P17858|PFKAL_HUMAN,P17858,6,9,3
sp|P19440|GGT1_HUMAN,P19440,6,9,3
sp|P21589|5NTD_HUMAN,P21589,5,8,3
sp|P21926|CD9_HUMAN,P21926,3,6,3
sp|P22570|ADRO_HUMAN,P22570,20,23,3
sp|P22830|HEMH_HUMAN,P22830,6,9,3
sp|P23921|RIR1_HUMAN,P23921,4,7,3
sp|P26373|RL13_HUMAN,P26373,12,15,3
sp|P27216|ANX13_HUMAN,P27216,4,7,3
sp|P27708|PYR1_HUMAN,P27708,19,22,3
sp|P31930|QCR1_HUMAN,P31930,25,28,3
sp|P31937|3HIDH_HUMAN,P31937,5,8,3
sp|P38606|VATA_HUMAN,P38606,8,11,3
sp|P39656|OST48_HUMAN,P39656,8,11,3
sp|P40937|RFC5_HUMAN,P40937,3,6,3
sp|P42766|RL35_HUMAN,P42766,8,11,3
sp|P46778|RL21_HUMAN,P46778,5,8,3
sp|P49755|TMEDA_HUMAN,P49755,13,16,3
sp|P49756|RBM25_HUMAN,P49756,3,6,3
sp|P51571|SSRD_HUMAN,P51571,7,10,3
sp|P51648|AL3A2_HUMAN,P51648,15,18,3
sp|P52907|CAZA1_HUMAN,P52907,4,7,3
sp|P52948|NUP98_HUMAN,P52948,8,11,3
sp|P56134|ATPK_HUMAN,P56134,3,6,3
sp|P57088|TMM33_HUMAN,P57088,2,5,3
sp|P60900|PSA6_HUMAN,P60900,11,14,3
sp|P61006|RAB8A_HUMAN,P61006,3,6,3
sp|P61160|ARP2_HUMAN,P61160,7,10,3
sp|P61225|RAP2B_HUMAN,P61225,2,5,3
sp|P62750|RL23A_HUMAN,P62750,14,17,3
sp|P62753|RS6_HUMAN,P62753,23,26,3
sp|Q02818|NUCB1_HUMAN,Q02818,13,16,3
sp|Q06210|GFPT1_HUMAN,Q06210,15,18,3
sp|Q07021|C1QBP_HUMAN,Q07021,10,13,3
sp|Q07065|CKAP4_HUMAN,Q07065,43,46,3
sp|Q13557|KCC2D_HUMAN,Q13557,4,7,3
sp|Q14697|GANAB_HUMAN,Q14697,42,45,3
sp|Q16531|DDB1_HUMAN,Q16531,9,12,3
sp|Q562R1|ACTBL_HUMAN,Q562R1,5,8,3
sp|Q5JRX3|PREP_HUMAN,Q5JRX3,13,16,3
sp|Q6NUK1|SCMC1_HUMAN,Q6NUK1,7,10,3
sp|Q8NE71|ABCF1_HUMAN,Q8NE71,4,7,3
sp|Q8TEX9|IPO4_HUMAN,Q8TEX9,7,10,3
sp|Q92665|RT31_HUMAN,Q92665,4,7,3
sp|Q92797|SYMPK_HUMAN,Q92797,2,5,3
sp|Q969H8|MYDGF_HUMAN,Q969H8,4,7,3
sp|Q969V3|NCLN_HUMAN,Q969V3,6,9,3
sp|Q96CM8|ACSF2_HUMAN,Q96CM8,3,6,3
sp|Q96RP9|EFGM_HUMAN,Q96RP9,3,6,3
sp|Q9BQ52|RNZ2_HUMAN,Q9BQ52,1,4,3
sp|Q9H7Z7|PGES2_HUMAN,Q9H7Z7,6,9,3
sp|Q9NR31|SAR1A_HUMAN,Q9NR31,7,10,3
sp|Q9P015|RM15_HUMAN,Q9P015,3,6,3
sp|Q9UBI6|GBG12_HUMAN,Q9UBI6,9,12,3
sp|Q9Y262|EIF3L_HUMAN,Q9Y262,13,16,3
sp|Q9Y2Z4|SYYM_HUMAN,Q9Y2Z4,3,6,3
sp|Q9Y394|DHRS7_HUMAN,Q9Y394,3,6,3
sp|Q9Y3D9|RT23_HUMAN,Q9Y3D9,7,10,3
sp|O00267|SPT5H_HUMAN,O00267,1,4,3
sp|P04908|H2A1B_HUMAN,P04908,2,5,3
sp|Q53H12|AGK_HUMAN,Q53H12,2,5,3
sp|P40199|CEAM6_HUMAN,P40199,2,5,3
sp|O75251|NDUS7_HUMAN,O75251,1,4,3
sp|P33121|ACSL1_HUMAN,P33121,1,4,3
sp|Q92743|HTRA1_HUMAN,Q92743,2,5,3
sp|Q8IUE6|H2A2B_HUMAN,Q8IUE6,2,5,3
sp|Q9BYD2|RM09_HUMAN,Q9BYD2,1,4,3
sp|Q9P2B2|FPRP_HUMAN,Q9P2B2,1,4,3
sp|Q9BPX3|CND3_HUMAN,Q9BPX3,1,4,3
sp|Q9H9T3|ELP3_HUMAN,Q9H9T3,1,4,3
sp|Q96AQ6|PBIP1_HUMAN,Q96AQ6,1,4,3
sp|A0A3B3IRV3|MCTS2_HUMAN,A0A3B3IRV3,0,3,3
sp|A1L0T0|HACL2_HUMAN,A1L0T0,0,3,3
sp|O00186|STXB3_HUMAN,O00186,0,3,3
sp|O00330|ODPX_HUMAN,O00330,0,3,3
sp|O14617|AP3D1_HUMAN,O14617,0,3,3
sp|O15270|SPTC2_HUMAN,O15270,0,3,3
sp|O95674|CDS2_HUMAN,O95674,0,3,3
sp|P10398|ARAF_HUMAN,P10398,0,3,3
sp|P16219|ACADS_HUMAN,P16219,0,3,3
sp|P18583|SON_HUMAN,P18583,0,3,3
sp|P21397|AOFA_HUMAN,P21397,0,3,3
sp|P24928|RPB1_HUMAN,P24928,0,3,3
sp|P36404|ARL2_HUMAN,P36404,0,3,3
sp|P46013|KI67_HUMAN,P46013,0,3,3
sp|P61326|MGN_HUMAN,P61326,0,3,3
sp|P61619|S61A1_HUMAN,P61619,0,3,3
sp|P63027|VAMP2_HUMAN,P63027,0,3,3
sp|P78316|NOP14_HUMAN,P78316,0,3,3
sp|Q03701|CEBPZ_HUMAN,Q03701,0,3,3
sp|Q12789|TF3C1_HUMAN,Q12789,0,3,3
sp|Q13523|PRP4B_HUMAN,Q13523,0,3,3
sp|Q13601|KRR1_HUMAN,Q13601,0,3,3
sp|Q15024|EXOS7_HUMAN,Q15024,0,3,3
sp|Q15392|DHC24_HUMAN,Q15392,0,3,3
sp|Q16678|CP1B1_HUMAN,Q16678,0,3,3
sp|Q16706|MA2A1_HUMAN,Q16706,0,3,3
sp|Q2NL82|TSR1_HUMAN,Q2NL82,0,3,3
sp|Q5SWX8|ODR4_HUMAN,Q5SWX8,0,3,3
sp|Q5VTU8|AT5EL_HUMAN,Q5VTU8,0,3,3
sp|Q6DKI1|RL7L_HUMAN,Q6DKI1,0,3,3
sp|Q6PD62|CTR9_HUMAN,Q6PD62,0,3,3
sp|Q6PGP7|TTC37_HUMAN,Q6PGP7,0,3,3
sp|Q6UB35|C1TM_HUMAN,Q6UB35,0,3,3
sp|Q7Z2T5|TRM1L_HUMAN,Q7Z2T5,0,3,3
sp|Q8IYB3|SRRM1_HUMAN,Q8IYB3,0,3,3
sp|Q8IZ81|ELMD2_HUMAN,Q8IZ81,0,3,3
sp|Q8TB22|SPT20_HUMAN,Q8TB22,0,3,3
sp|Q8TB37|NUBPL_HUMAN,Q8TB37,0,3,3
sp|Q8TDN6|BRX1_HUMAN,Q8TDN6,0,3,3
sp|Q8TED0|UTP15_HUMAN,Q8TED0,0,3,3
sp|Q8WUA8|TSK_HUMAN,Q8WUA8,0,3,3
sp|Q92506|DHB8_HUMAN,Q92506,0,3,3
sp|Q92643|GPI8_HUMAN,Q92643,0,3,3
sp|Q969N2|PIGT_HUMAN,Q969N2,0,3,3
sp|Q96A65|EXOC4_HUMAN,Q96A65,0,3,3
sp|Q96EE3|SEH1_HUMAN,Q96EE3,0,3,3
sp|Q96N67|DOCK7_HUMAN,Q96N67,0,3,3
sp|Q96NW7|LRRC7_HUMAN,Q96NW7,0,3,3
sp|Q9BPX6|MICU1_HUMAN,Q9BPX6,0,3,3
sp|Q9BRT2|UQCC2_HUMAN,Q9BRT2,0,3,3
sp|Q9BX79|STRA6_HUMAN,Q9BX79,0,3,3
sp|Q9BXS5|AP1M1_HUMAN,Q9BXS5,0,3,3
sp|Q9BYG3|MK67I_HUMAN,Q9BYG3,0,3,3
sp|Q9BYN8|RT26_HUMAN,Q9BYN8,0,3,3
sp|Q9GZS1|RPA49_HUMAN,Q9GZS1,0,3,3
sp|Q9H0S4|DDX47_HUMAN,Q9H0S4,0,3,3
sp|Q9H9P8|L2HDH_HUMAN,Q9H9P8,0,3,3
sp|Q9NNW7|TRXR2_HUMAN,Q9NNW7,0,3,3
sp|Q9NQ50|RM40_HUMAN,Q9NQ50,0,3,3
sp|Q9NXE4|NSMA3_HUMAN,Q9NXE4,0,3,3
sp|Q9P0S3|ORML1_HUMAN,Q9P0S3,0,3,3
sp|Q9UM54|MYO6_HUMAN,Q9UM54,0,3,3
sp|Q9Y263|PLAP_HUMAN,Q9Y263,0,3,3
sp|Q9Y4W2|LAS1L_HUMAN,Q9Y4W2,0,3,3
sp|Q9Y6R7|FCGBP_HUMAN,Q9Y6R7,0,3,3
sp|Q9Y2L5|TPPC8_HUMAN,Q9Y2L5,0,3,3
sp|Q8NHH9|ATLA2_HUMAN,Q8NHH9,0,3,3
sp|P78362|SRPK2_HUMAN,P78362,0,3,3
sp|O14647|CHD2_HUMAN,O14647,0,3,3
sp|O00194|RB27B_HUMAN,O00194,2,4,2
sp|O43172|PRP4_HUMAN,O43172,3,5,2
sp|O60716|CTND1_HUMAN,O60716,25,27,2
sp|O75131|CPNE3_HUMAN,O75131,15,17,2
sp|O75569|PRKRA_HUMAN,O75569,3,5,2
sp|O75964|ATP5L_HUMAN,O75964,10,12,2
sp|O94905|ERLN2_HUMAN,O94905,3,5,2
sp|O94973|AP2A2_HUMAN,O94973,4,6,2
sp|O95202|LETM1_HUMAN,O95202,9,11,2
sp|O95232|LC7L3_HUMAN,O95232,3,5,2
sp|O95782|AP2A1_HUMAN,O95782,15,17,2
sp|P01112|RASH_HUMAN,P01112,3,5,2
sp|P02786|TFR1_HUMAN,P02786,21,23,2
sp|P04899|GNAI2_HUMAN,P04899,2,4,2
sp|P07954|FUMH_HUMAN,P07954,12,14,2
sp|P08237|PFKAM_HUMAN,P08237,5,7,2
sp|P09493|TPM1_HUMAN,P09493,9,11,2
sp|P11279|LAMP1_HUMAN,P11279,3,5,2
sp|P12268|IMDH2_HUMAN,P12268,18,20,2
sp|P14314|GLU2B_HUMAN,P14314,19,21,2
sp|P15880|RS2_HUMAN,P15880,19,21,2
sp|P16278|BGAL_HUMAN,P16278,4,6,2
sp|P17301|ITA2_HUMAN,P17301,14,16,2
sp|P17812|PYRG1_HUMAN,P17812,6,8,2
sp|P18077|RL35A_HUMAN,P18077,10,12,2
sp|P18859|ATP5J_HUMAN,P18859,5,7,2
sp|P20674|COX5A_HUMAN,P20674,11,13,2
sp|P23368|MAOM_HUMAN,P23368,7,9,2
sp|P23434|GCSH_HUMAN,P23434,2,4,2
sp|P23786|CPT2_HUMAN,P23786,3,5,2
sp|P25815|S100P_HUMAN,P25815,2,4,2
sp|P27105|STOM_HUMAN,P27105,10,12,2
sp|P27797|CALR_HUMAN,P27797,32,34,2
sp|P28074|PSB5_HUMAN,P28074,8,10,2
sp|P30038|AL4A1_HUMAN,P30038,2,4,2
sp|P31939|PUR9_HUMAN,P31939,35,37,2
sp|P32969|RL9_HUMAN,P32969,5,7,2
sp|P36871|PGM1_HUMAN,P36871,13,15,2
sp|P45880|VDAC2_HUMAN,P45880,19,21,2
sp|P49207|RL34_HUMAN,P49207,4,6,2
sp|P51148|RAB5C_HUMAN,P51148,13,15,2
sp|P51149|RAB7A_HUMAN,P51149,11,13,2
sp|P53618|COPB_HUMAN,P53618,9,11,2
sp|P62191|PRS4_HUMAN,P62191,13,15,2
sp|P62888|RL30_HUMAN,P62888,9,11,2
sp|P62913|RL11_HUMAN,P62913,10,12,2
sp|P67870|CSK2B_HUMAN,P67870,6,8,2
sp|P68032|ACTC_HUMAN,P68032,15,17,2
sp|P82909|KGD4_HUMAN,P82909,2,4,2
sp|P84098|RL19_HUMAN,P84098,9,11,2
sp|Q01650|LAT1_HUMAN,Q01650,8,10,2
sp|Q02878|RL6_HUMAN,Q02878,29,31,2
sp|Q12979|ABR_HUMAN,Q12979,2,4,2
sp|Q13423|NNTM_HUMAN,Q13423,6,8,2
sp|Q13724|MOGS_HUMAN,Q13724,1,3,2
sp|Q14152|EIF3A_HUMAN,Q14152,21,23,2
sp|Q14498|RBM39_HUMAN,Q14498,6,8,2
sp|Q16740|CLPP_HUMAN,Q16740,4,6,2
sp|Q16762|THTR_HUMAN,Q16762,8,10,2
sp|Q16822|PCKGM_HUMAN,Q16822,8,10,2
sp|Q16836|HCDH_HUMAN,Q16836,8,10,2
sp|Q6NUQ4|TM214_HUMAN,Q6NUQ4,3,5,2
sp|Q6UW68|TM205_HUMAN,Q6UW68,3,5,2
sp|Q86SF2|GALT7_HUMAN,Q86SF2,7,9,2
sp|Q86VP6|CAND1_HUMAN,Q86VP6,25,27,2
sp|Q86W42|THOC6_HUMAN,Q86W42,3,5,2
sp|Q8NBQ5|DHB11_HUMAN,Q8NBQ5,5,7,2
sp|Q8NCW5|NNRE_HUMAN,Q8NCW5,4,6,2
sp|Q8WYA6|CTBL1_HUMAN,Q8WYA6,3,5,2
sp|Q93009|UBP7_HUMAN,Q93009,2,4,2
sp|Q969X5|ERGI1_HUMAN,Q969X5,3,5,2
sp|Q96CN7|ISOC1_HUMAN,Q96CN7,3,5,2
sp|Q96CS3|FAF2_HUMAN,Q96CS3,4,6,2
sp|Q96I99|SUCB2_HUMAN,Q96I99,14,16,2
sp|Q96MX6|DAA10_HUMAN,Q96MX6,2,4,2
sp|Q9H0B6|KLC2_HUMAN,Q9H0B6,2,4,2
sp|Q9H2G2|SLK_HUMAN,Q9H2G2,6,8,2
sp|Q9H7E9|CH033_HUMAN,Q9H7E9,3,5,2
sp|Q9NVI7|ATD3A_HUMAN,Q9NVI7,12,14,2
sp|Q9NWH9|SLTM_HUMAN,Q9NWH9,3,5,2
sp|Q9NX62|IMPA3_HUMAN,Q9NX62,1,3,2
sp|Q9P0V9|SEP10_HUMAN,Q9P0V9,3,5,2
sp|Q9UBF2|COPG2_HUMAN,Q9UBF2,1,3,2
sp|Q9UBX3|DIC_HUMAN,Q9UBX3,4,6,2
sp|Q9UHN6|CEIP2_HUMAN,Q9UHN6,3,5,2
sp|Q9UI09|NDUAC_HUMAN,Q9UI09,7,9,2
sp|Q9UIA9|XPO7_HUMAN,Q9UIA9,5,7,2
sp|Q9UJV9|DDX41_HUMAN,Q9UJV9,3,5,2
sp|Q9UKM9|RALY_HUMAN,Q9UKM9,8,10,2
sp|Q9ULD2|MTUS1_HUMAN,Q9ULD2,4,6,2
sp|Q9UNQ0|ABCG2_HUMAN,Q9UNQ0,3,5,2
sp|Q9Y277|VDAC3_HUMAN,Q9Y277,10,12,2
sp|Q9Y3B3|TMED7_HUMAN,Q9Y3B3,7,9,2
sp|Q9Y4P3|TBL2_HUMAN,Q9Y4P3,4,6,2
sp|Q9Y512|SAM50_HUMAN,Q9Y512,3,5,2
sp|P09234|RU1C_HUMAN,P09234,2,4,2
sp|P53985|MOT1_HUMAN,P53985,2,4,2
sp|Q13445|TMED1_HUMAN,Q13445,1,3,2
sp|Q8IWS0|PHF6_HUMAN,Q8IWS0,2,4,2
sp|Q9BQA1|MEP50_HUMAN,Q9BQA1,2,4,2
sp|Q9BSH5|HDHD3_HUMAN,Q9BSH5,2,4,2
sp|Q9BYD6|RM01_HUMAN,Q9BYD6,1,3,2
sp|O94874|UFL1_HUMAN,O94874,2,4,2
sp|Q15061|WDR43_HUMAN,Q15061,1,3,2
sp|Q9HA77|SYCM_HUMAN,Q9HA77,2,4,2
sp|Q5TEC6|H37_HUMAN,Q5TEC6,2,4,2
sp|Q9P0M9|RM27_HUMAN,Q9P0M9,2,4,2
sp|O00442|RTCA_HUMAN,O00442,2,4,2
sp|P48729|KC1A_HUMAN,P48729,1,3,2
sp|Q9BY49|PECR_HUMAN,Q9BY49,1,3,2
sp|Q5HYK3|COQ5_HUMAN,Q5HYK3,1,3,2
sp|Q8TAE8|G45IP_HUMAN,Q8TAE8,1,3,2
sp|Q96JB5|CK5P3_HUMAN,Q96JB5,1,3,2
sp|Q96S97|MYADM_HUMAN,Q96S97,1,3,2
sp|Q9BXW7|HDHD5_HUMAN,Q9BXW7,1,3,2
sp|Q9UJ70|NAGK_HUMAN,Q9UJ70,1,3,2
sp|O15258|RER1_HUMAN,O15258,1,3,2
sp|Q7Z3U7|MON2_HUMAN,Q7Z3U7,1,3,2
sp|P61018|RAB4B_HUMAN,P61018,1,3,2
sp|P56937|DHB7_HUMAN,P56937,1,3,2
sp|O14683|P5I11_HUMAN,O14683,1,3,2
sp|O95858|TSN15_HUMAN,O95858,1,3,2
sp|Q9H6S0|YTDC2_HUMAN,Q9H6S0,1,3,2
sp|O60832|DKC1_HUMAN,O60832,1,3,2
sp|A4D1E9|GTPBA_HUMAN,A4D1E9,1,3,2
sp|Q9BUN8|DERL1_HUMAN,Q9BUN8,1,3,2
sp|Q9NX20|RM16_HUMAN,Q9NX20,1,3,2
sp|A0A1B0GUS4|UB2L5_HUMAN,A0A1B0GUS4,0,2,2
sp|O00507|USP9Y_HUMAN,O00507,0,2,2
sp|O00566|MPP10_HUMAN,O00566,0,2,2
sp|O15213|WDR46_HUMAN,O15213,0,2,2
sp|O15228|GNPAT_HUMAN,O15228,0,2,2
sp|O15269|SPTC1_HUMAN,O15269,0,2,2
sp|O60333|KIF1B_HUMAN,O60333,0,2,2
sp|O60341|KDM1A_HUMAN,O60341,0,2,2
sp|O75027|ABCB7_HUMAN,O75027,0,2,2
sp|O94808|GFPT2_HUMAN,O94808,0,2,2
sp|O95071|UBR5_HUMAN,O95071,0,2,2
sp|P02794|FRIH_HUMAN,P02794,0,2,2
sp|P05166|PCCB_HUMAN,P05166,0,2,2
sp|P10644|KAP0_HUMAN,P10644,0,2,2
sp|P12235|ADT1_HUMAN,P12235,0,2,2
sp|P15289|ARSA_HUMAN,P15289,0,2,2
sp|P23258|TBG1_HUMAN,P23258,0,2,2
sp|P42285|MTREX_HUMAN,P42285,0,2,2
sp|P42345|MTOR_HUMAN,P42345,0,2,2
sp|P48651|PTSS1_HUMAN,P48651,0,2,2
sp|P56182|RRP1_HUMAN,P56182,0,2,2
sp|P57678|GEMI4_HUMAN,P57678,0,2,2
sp|P57740|NU107_HUMAN,P57740,0,2,2
sp|Q03518|TAP1_HUMAN,Q03518,0,2,2
sp|Q09161|NCBP1_HUMAN,Q09161,0,2,2
sp|Q12873|CHD3_HUMAN,Q12873,0,2,2
sp|Q14684|RRP1B_HUMAN,Q14684,0,2,2
sp|Q15418|KS6A1_HUMAN,Q15418,0,2,2
sp|Q15477|SKIV2_HUMAN,Q15477,0,2,2
sp|Q16850|CP51A_HUMAN,Q16850,0,2,2
sp|Q4G0J3|LARP7_HUMAN,Q4G0J3,0,2,2
sp|Q53FZ2|ACSM3_HUMAN,Q53FZ2,0,2,2
sp|Q5HYI8|RABL3_HUMAN,Q5HYI8,0,2,2
sp|Q5JPH6|SYEM_HUMAN,Q5JPH6,0,2,2
sp|Q5QJE6|TDIF2_HUMAN,Q5QJE6,0,2,2
sp|Q6NUM9|RETST_HUMAN,Q6NUM9,0,2,2
sp|Q6RFH5|WDR74_HUMAN,Q6RFH5,0,2,2
sp|Q6ZXV5|TMTC3_HUMAN,Q6ZXV5,0,2,2
sp|Q8IWA0|WDR75_HUMAN,Q8IWA0,0,2,2
sp|Q8IYB8|SUV3_HUMAN,Q8IYB8,0,2,2
sp|Q8N7H5|PAF1_HUMAN,Q8N7H5,0,2,2
sp|Q8TDD1|DDX54_HUMAN,Q8TDD1,0,2,2
sp|Q8WUM0|NU133_HUMAN,Q8WUM0,0,2,2
sp|Q8WVV4|POF1B_HUMAN,Q8WVV4,0,2,2
sp|Q8WWI5|CTL1_HUMAN,Q8WWI5,0,2,2
sp|Q96CP6|ASTRA_HUMAN,Q96CP6,0,2,2
sp|Q9BQ39|DDX50_HUMAN,Q9BQ39,0,2,2
sp|Q9BRJ6|CG050_HUMAN,Q9BRJ6,0,2,2
sp|Q9BRP1|PDD2L_HUMAN,Q9BRP1,0,2,2
sp|Q9BRQ8|FSP1_HUMAN,Q9BRQ8,0,2,2
sp|Q9BSF4|TIM29_HUMAN,Q9BSF4,0,2,2
sp|Q9BT22|ALG1_HUMAN,Q9BT22,0,2,2
sp|Q9BUB7|TMM70_HUMAN,Q9BUB7,0,2,2
sp|Q9BXY0|MAK16_HUMAN,Q9BXY0,0,2,2
sp|Q9BYD3|RM04_HUMAN,Q9BYD3,0,2,2
sp|Q9BZJ0|CRNL1_HUMAN,Q9BZJ0,0,2,2
sp|Q9H6W3|RIOX1_HUMAN,Q9H6W3,0,2,2
sp|Q9H936|GHC1_HUMAN,Q9H936,0,2,2
sp|Q9HBH0|RHOF_HUMAN,Q9HBH0,0,2,2
sp|Q9HCE1|MOV10_HUMAN,Q9HCE1,0,2,2
sp|Q9NP58|ABCB6_HUMAN,Q9NP58,0,2,2
sp|Q9NQT8|KI13B_HUMAN,Q9NQT8,0,2,2
sp|Q9NRG9|AAAS_HUMAN,Q9NRG9,0,2,2
sp|Q9NUQ2|PLCE_HUMAN,Q9NUQ2,0,2,2
sp|Q9NVI1|FANCI_HUMAN,Q9NVI1,0,2,2
sp|Q9NVN8|GNL3L_HUMAN,Q9NVN8,0,2,2
sp|Q9NY93|DDX56_HUMAN,Q9NY93,0,2,2
sp|Q9NYL2|M3K20_HUMAN,Q9NYL2,0,2,2
sp|Q9UKN8|TF3C4_HUMAN,Q9UKN8,0,2,2
sp|Q9ULR0|ISY1_HUMAN,Q9ULR0,0,2,2
sp|Q9Y2R4|DDX52_HUMAN,Q9Y2R4,0,2,2
sp|Q9Y2T3|GUAD_HUMAN,Q9Y2T3,0,2,2
sp|Q9Y3A4|RRP7A_HUMAN,Q9Y3A4,0,2,2
sp|Q9Y5Q9|TF3C3_HUMAN,Q9Y5Q9,0,2,2
sp|Q9Y619|ORNT1_HUMAN,Q9Y619,0,2,2
sp|Q9Y676|RT18B_HUMAN,Q9Y676,0,2,2
sp|O94901|SUN1_HUMAN,O94901,0,2,2
sp|P02686|MBP_HUMAN,P02686,0,2,2
sp|P07199|CENPB_HUMAN,P07199,0,2,2
sp|P43378|PTN9_HUMAN,P43378,0,2,2
sp|P50336|PPOX_HUMAN,P50336,0,2,2
sp|Q15833|STXB2_HUMAN,Q15833,0,2,2
sp|Q6UXV4|MIC27_HUMAN,Q6UXV4,0,2,2
sp|Q7L5D6|GET4_HUMAN,Q7L5D6,0,2,2
sp|Q86WB0|ZC3C1_HUMAN,Q86WB0,0,2,2
sp|Q86WJ1|CHD1L_HUMAN,Q86WJ1,0,2,2
sp|Q8IY63|AMOL1_HUMAN,Q8IY63,0,2,2
sp|Q8N3E9|PLCD3_HUMAN,Q8N3E9,0,2,2
sp|Q96FN4|CPNE2_HUMAN,Q96FN4,0,2,2
sp|Q96GQ5|RUSF1_HUMAN,Q96GQ5,0,2,2
sp|Q96JJ3|ELMO2_HUMAN,Q96JJ3,0,2,2
sp|Q96RQ3|MCCA_HUMAN,Q96RQ3,0,2,2
sp|Q9BQ75|CMS1_HUMAN,Q9BQ75,0,2,2
sp|Q9BRX2|PELO_HUMAN,Q9BRX2,0,2,2
sp|Q9BUT1|DHRS6_HUMAN,Q9BUT1,0,2,2
sp|Q9C037|TRIM4_HUMAN,Q9C037,0,2,2
sp|Q9GZZ9|UBA5_HUMAN,Q9GZZ9,0,2,2
sp|Q9NPH2|INO1_HUMAN,Q9NPH2,0,2,2
sp|Q9NWU5|RM22_HUMAN,Q9NWU5,0,2,2
sp|Q9UL26|RB22A_HUMAN,Q9UL26,0,2,2
sp|Q9UPN3|MACF1_HUMAN,Q9UPN3,0,2,2
sp|Q9Y6A9|SPCS1_HUMAN,Q9Y6A9,0,2,2
sp|A6NKT7|RGPD3_HUMAN,A6NKT7,0,2,2
sp|O14735|CDIPT_HUMAN,O14735,0,2,2
sp|P35251|RFC1_HUMAN,P35251,0,2,2
sp|Q07954|LRP1_HUMAN,Q07954,0,2,2
sp|Q10469|MGAT2_HUMAN,Q10469,0,2,2
sp|Q96EC8|YIPF6_HUMAN,Q96EC8,0,2,2
sp|Q96I59|SYNM_HUMAN,Q96I59,0,2,2
sp|Q96QR8|PURB_HUMAN,Q96QR8,0,2,2
sp|Q9H6K4|OPA3_HUMAN,Q9H6K4,0,2,2
sp|Q9Y3D3|RT16_HUMAN,Q9Y3D3,0,2,2
sp|P13051|UNG_HUMAN,P13051,0,2,2
sp|Q96E11|RRFM_HUMAN,Q96E11,0,2,2
sp|Q9H267|VP33B_HUMAN,Q9H267,0,2,2
sp|Q9H4L4|SENP3_HUMAN,Q9H4L4,0,2,2
sp|Q9Y679|AUP1_HUMAN,Q9Y679,0,2,2
sp|O95671|ASML_HUMAN,O95671,0,2,2
sp|Q15050|RRS1_HUMAN,Q15050,0,2,2
sp|Q86VM9|ZCH18_HUMAN,Q86VM9,0,2,2
sp|Q9BQA9|CYBC1_HUMAN,Q9BQA9,0,2,2
sp|Q8NCN5|PDPR_HUMAN,Q8NCN5,0,2,2
sp|P51003|PAPOA_HUMAN,P51003,0,2,2
sp|Q16540|RM23_HUMAN,Q16540,0,2,2
sp|Q9HBI6|CP4FB_HUMAN,Q9HBI6,0,2,2
sp|Q9Y3Q3|TMED3_HUMAN,Q9Y3Q3,0,2,2
sp|O95239|KIF4A_HUMAN,O95239,0,2,2
sp|Q9UHI6|DDX20_HUMAN,Q9UHI6,0,2,2
sp|P13688|CEAM1_HUMAN,P13688,0,2,2
sp|O60783|RT14_HUMAN,O60783,0,2,2
sp|Q9BRT6|LLPH_HUMAN,Q9BRT6,0,2,2
sp|Q96HU8|DIRA2_HUMAN,Q96HU8,0,2,2
sp|Q4G0N4|NAKD2_HUMAN,Q4G0N4,0,2,2
sp|O43768|ENSA_HUMAN,O43768,0,2,2
sp|Q9HCJ5|ZSWM6_HUMAN,Q9HCJ5,0,2,2
sp|P28325|CYTD_HUMAN,P28325,0,2,2
sp|Q9NQX4|MYO5C_HUMAN,Q9NQX4,0,2,2
sp|Q5SXM8|DNLZ_HUMAN,Q5SXM8,0,2,2
sp|Q13033|STRN3_HUMAN,Q13033,0,2,2
sp|A0A0B4J2D5|GAL3B_HUMAN,A0A0B4J2D5,4,5,1
sp|A5YKK6|CNOT1_HUMAN,A5YKK6,7,8,1
sp|O00291|HIP1_HUMAN,O00291,5,6,1
sp|O00461|GOLI4_HUMAN,O00461,6,7,1
sp|O00483|NDUA4_HUMAN,O00483,4,5,1
sp|O00743|PPP6_HUMAN,O00743,2,3,1
sp|O14521|DHSD_HUMAN,O14521,2,3,1
sp|O14579|COPE_HUMAN,O14579,8,9,1
sp|O14980|XPO1_HUMAN,O14980,14,15,1
sp|O15439|MRP4_HUMAN,O15439,3,4,1
sp|O43491|E41L2_HUMAN,O43491,3,4,1
sp|O43570|CAH12_HUMAN,O43570,9,10,1
sp|O43674|NDUB5_HUMAN,O43674,2,3,1
sp|O43684|BUB3_HUMAN,O43684,8,9,1
sp|O75390|CISY_HUMAN,O75390,18,19,1
sp|O75396|SC22B_HUMAN,O75396,5,6,1
sp|O75436|VP26A_HUMAN,O75436,4,5,1
sp|O75608|LYPA1_HUMAN,O75608,5,6,1
sp|O76071|CIAO1_HUMAN,O76071,3,4,1
sp|O95292|VAPB_HUMAN,O95292,2,3,1
sp|O95881|TXD12_HUMAN,O95881,4,5,1
sp|P00167|CYB5_HUMAN,P00167,8,9,1
sp|P04062|GBA1_HUMAN,P04062,3,4,1
sp|P07305|H10_HUMAN,P07305,6,7,1
sp|P07686|HEXB_HUMAN,P07686,13,14,1
sp|P10155|RO60_HUMAN,P10155,3,4,1
sp|P10909|CLUS_HUMAN,P10909,6,7,1
sp|P11169|GTR3_HUMAN,P11169,4,5,1
sp|P11177|ODPB_HUMAN,P11177,12,13,1
sp|P13804|ETFA_HUMAN,P13804,20,21,1
sp|P16070|CD44_HUMAN,P16070,18,19,1
sp|P22087|FBRL_HUMAN,P22087,16,17,1
sp|P22307|SCP2_HUMAN,P22307,20,21,1
sp|P27694|RFA1_HUMAN,P27694,4,5,1
sp|P30040|ERP29_HUMAN,P30040,17,18,1
sp|P30084|ECHM_HUMAN,P30084,16,17,1
sp|P30740|ILEU_HUMAN,P30740,11,12,1
sp|P32321|DCTD_HUMAN,P32321,3,4,1
sp|P32322|P5CR1_HUMAN,P32322,10,11,1
sp|P35222|CTNB1_HUMAN,P35222,13,14,1
sp|P35268|RL22_HUMAN,P35268,7,8,1
sp|P35658|NU214_HUMAN,P35658,4,5,1
sp|P35914|HMGCL_HUMAN,P35914,3,4,1
sp|P40261|NNMT_HUMAN,P40261,4,5,1
sp|P40616|ARL1_HUMAN,P40616,2,3,1
sp|P42765|THIM_HUMAN,P42765,24,25,1
sp|P43897|EFTS_HUMAN,P43897,3,4,1
sp|P47985|UCRI_HUMAN,P47985,7,8,1
sp|P47989|XDH_HUMAN,P47989,3,4,1
sp|P49257|LMAN1_HUMAN,P49257,8,9,1
sp|P49406|RM19_HUMAN,P49406,4,5,1
sp|P49736|MCM2_HUMAN,P49736,7,8,1
sp|P49959|MRE11_HUMAN,P49959,3,4,1
sp|P50990|TCPQ_HUMAN,P50990,35,36,1
sp|P51659|DHB4_HUMAN,P51659,21,22,1
sp|P51858|HDGF_HUMAN,P51858,15,16,1
sp|P52815|RM12_HUMAN,P52815,5,6,1
sp|P53004|BIEA_HUMAN,P53004,7,8,1
sp|P54136|SYRC_HUMAN,P54136,21,22,1
sp|P54289|CA2D1_HUMAN,P54289,2,3,1
sp|P55209|NP1L1_HUMAN,P55209,10,11,1
sp|P55735|SEC13_HUMAN,P55735,5,6,1
sp|P56385|ATP5I_HUMAN,P56385,6,7,1
sp|P56556|NDUA6_HUMAN,P56556,3,4,1
sp|P60866|RS20_HUMAN,P60866,9,10,1
sp|P60903|S10AA_HUMAN,P60903,21,22,1
sp|P61020|RAB5B_HUMAN,P61020,2,3,1
sp|P62136|PP1A_HUMAN,P62136,4,5,1
sp|P62820|RAB1A_HUMAN,P62820,11,12,1
sp|P62829|RL23_HUMAN,P62829,10,11,1
sp|P62847|RS24_HUMAN,P62847,6,7,1
sp|P63000|RAC1_HUMAN,P63000,15,16,1
sp|P63165|SUMO1_HUMAN,P63165,2,3,1
sp|P67812|SC11A_HUMAN,P67812,4,5,1
sp|P68400|CSK21_HUMAN,P68400,8,9,1
sp|P82663|RT25_HUMAN,P82663,5,6,1
sp|Q00325|MPCP_HUMAN,Q00325,16,17,1
sp|Q03169|TNAP2_HUMAN,Q03169,6,7,1
sp|Q04941|PLP2_HUMAN,Q04941,2,3,1
sp|Q06203|PUR1_HUMAN,Q06203,3,4,1
sp|Q10713|MPPA_HUMAN,Q10713,3,4,1
sp|Q12913|PTPRJ_HUMAN,Q12913,2,3,1
sp|Q13011|ECH1_HUMAN,Q13011,22,23,1
sp|Q13148|TADBP_HUMAN,Q13148,6,7,1
sp|Q13404|UB2V1_HUMAN,Q13404,3,4,1
sp|Q13868|EXOS2_HUMAN,Q13868,2,3,1
sp|Q14160|SCRIB_HUMAN,Q14160,5,6,1
sp|Q14165|MLEC_HUMAN,Q14165,6,7,1
sp|Q14240|IF4A2_HUMAN,Q14240,1,2,1
sp|Q14696|MESD_HUMAN,Q14696,7,8,1
sp|Q15008|PSMD6_HUMAN,Q15008,14,15,1
sp|Q15021|CND1_HUMAN,Q15021,8,9,1
sp|Q15363|TMED2_HUMAN,Q15363,2,3,1
sp|Q53GQ0|DHB12_HUMAN,Q53GQ0,14,15,1
sp|Q5JRA6|TGO1_HUMAN,Q5JRA6,2,3,1
sp|Q6P1J9|CDC73_HUMAN,Q6P1J9,3,4,1
sp|Q6P2E9|EDC4_HUMAN,Q6P2E9,3,4,1
sp|Q6PI78|TMM65_HUMAN,Q6PI78,2,3,1
sp|Q6ZMP0|THSD4_HUMAN,Q6ZMP0,3,4,1
sp|Q7KZF4|SND1_HUMAN,Q7KZF4,23,24,1
sp|Q86XZ4|SPAS2_HUMAN,Q86XZ4,2,3,1
sp|Q8N2K0|ABD12_HUMAN,Q8N2K0,3,4,1
sp|Q8N4H5|TOM5_HUMAN,Q8N4H5,5,6,1
sp|Q8NBF2|NHLC2_HUMAN,Q8NBF2,2,3,1
sp|Q8TCT9|HM13_HUMAN,Q8TCT9,5,6,1
sp|Q92900|RENT1_HUMAN,Q92900,10,11,1
sp|Q96AG4|LRC59_HUMAN,Q96AG4,15,16,1
sp|Q96CW1|AP2M1_HUMAN,Q96CW1,6,7,1
sp|Q96D53|COQ8B_HUMAN,Q96D53,3,4,1
sp|Q99442|SEC62_HUMAN,Q99442,3,4,1
sp|Q99470|SDF2_HUMAN,Q99470,3,4,1
sp|Q99627|CSN8_HUMAN,Q99627,2,3,1
sp|Q99714|HCD2_HUMAN,Q99714,16,17,1
sp|Q9BRX8|PXL2A_HUMAN,Q9BRX8,6,7,1
sp|Q9BX68|HINT2_HUMAN,Q9BX68,7,8,1
sp|Q9BYD1|RM13_HUMAN,Q9BYD1,6,7,1
sp|Q9GZT3|SLIRP_HUMAN,Q9GZT3,10,11,1
sp|Q9H0H5|RGAP1_HUMAN,Q9H0H5,7,8,1
sp|Q9H0U4|RAB1B_HUMAN,Q9H0U4,3,4,1
sp|Q9H0U6|RM18_HUMAN,Q9H0U6,2,3,1
sp|Q9H2W6|RM46_HUMAN,Q9H2W6,3,4,1
sp|Q9H4G0|E41L1_HUMAN,Q9H4G0,9,10,1
sp|Q9H4M9|EHD1_HUMAN,Q9H4M9,13,14,1
sp|Q9H5Q4|TFB2M_HUMAN,Q9H5Q4,3,4,1
sp|Q9HA64|KT3K_HUMAN,Q9HA64,3,4,1
sp|Q9HD33|RM47_HUMAN,Q9HD33,2,3,1
sp|Q9NR28|DBLOH_HUMAN,Q9NR28,8,9,1
sp|Q9NSD9|SYFB_HUMAN,Q9NSD9,11,12,1
sp|Q9NUJ3|T11L1_HUMAN,Q9NUJ3,2,3,1
sp|Q9NVJ2|ARL8B_HUMAN,Q9NVJ2,4,5,1
sp|Q9NY12|GAR1_HUMAN,Q9NY12,2,3,1
sp|Q9NZ45|CISD1_HUMAN,Q9NZ45,3,4,1
sp|Q9P0I2|EMC3_HUMAN,Q9P0I2,5,6,1
sp|Q9UBS4|DJB11_HUMAN,Q9UBS4,4,5,1
sp|Q9UHG3|PCYOX_HUMAN,Q9UHG3,12,13,1
sp|Q9UM00|TMCO1_HUMAN,Q9UM00,4,5,1
sp|Q9UNK0|STX8_HUMAN,Q9UNK0,3,4,1
sp|Q9Y296|TPPC4_HUMAN,Q9Y296,3,4,1
sp|Q9Y305|ACOT9_HUMAN,Q9Y305,13,14,1
sp|Q9Y697|NFS1_HUMAN,Q9Y697,2,3,1
sp|Q9Y6M7|S4A7_HUMAN,Q9Y6M7,3,4,1
sp|O75844|FACE1_HUMAN,O75844,2,3,1
sp|O95169|NDUB8_HUMAN,O95169,1,2,1
sp|Q02127|PYRD_HUMAN,Q02127,2,3,1
sp|Q13131|AAPK1_HUMAN,Q13131,2,3,1
sp|Q13895|BYST_HUMAN,Q13895,2,3,1
sp|Q14318|FKBP8_HUMAN,Q14318,1,2,1
sp|Q5VWZ2|LYPL1_HUMAN,Q5VWZ2,2,3,1
sp|Q92930|RAB8B_HUMAN,Q92930,1,2,1
sp|Q96RQ1|ERGI2_HUMAN,Q96RQ1,2,3,1
sp|Q96S52|PIGS_HUMAN,Q96S52,2,3,1
sp|Q9H0V9|LMA2L_HUMAN,Q9H0V9,2,3,1
sp|Q9NQ84|GPC5C_HUMAN,Q9NQ84,1,2,1
sp|Q9NTX5|ECHD1_HUMAN,Q9NTX5,1,2,1
sp|Q9UDW1|QCR9_HUMAN,Q9UDW1,2,3,1
sp|Q49A26|GLYR1_HUMAN,Q49A26,2,3,1
sp|Q99567|NUP88_HUMAN,Q99567,2,3,1
sp|Q9BVJ7|DUS23_HUMAN,Q9BVJ7,2,3,1
sp|P62745|RHOB_HUMAN,P62745,1,2,1
sp|Q5T653|RM02_HUMAN,Q5T653,2,3,1
sp|Q9HCN8|SDF2L_HUMAN,Q9HCN8,2,3,1
sp|P61224|RAP1B_HUMAN,P61224,6,7,1
sp|Q96TA2|YMEL1_HUMAN,Q96TA2,2,3,1
sp|P61421|VA0D1_HUMAN,P61421,3,4,1
sp|P53680|AP2S1_HUMAN,P53680,1,2,1
sp|Q10588|BST1_HUMAN,Q10588,1,2,1
sp|Q9H3K2|GHITM_HUMAN,Q9H3K2,1,2,1
sp|Q7Z7F7|RM55_HUMAN,Q7Z7F7,2,3,1
sp|Q8NFH4|NUP37_HUMAN,Q8NFH4,1,2,1
sp|Q05519|SRS11_HUMAN,Q05519,2,3,1
sp|Q8WUH6|TM263_HUMAN,Q8WUH6,1,2,1
sp|P08582|TRFM_HUMAN,P08582,2,3,1
sp|Q9HBH5|RDH14_HUMAN,Q9HBH5,2,3,1
sp|O75911|DHRS3_HUMAN,O75911,2,3,1
sp|P62877|RBX1_HUMAN,P62877,1,2,1
sp|Q9Y291|RT33_HUMAN,Q9Y291,1,2,1
sp|P18615|NELFE_HUMAN,P18615,1,2,1
sp|P09038|FGF2_HUMAN,P09038,1,2,1
sp|Q9Y2R5|RT17_HUMAN,Q9Y2R5,1,2,1
sp|Q9Y2P8|RCL1_HUMAN,Q9Y2P8,2,3,1
sp|Q6VY07|PACS1_HUMAN,Q6VY07,1,2,1
sp|P13473|LAMP2_HUMAN,P13473,1,2,1
sp|Q9H078|CLPB_HUMAN,Q9H078,1,2,1
sp|P11234|RALB_HUMAN,P11234,1,2,1
sp|O14657|TOR1B_HUMAN,O14657,1,2,1
sp|P61077|UB2D3_HUMAN,P61077,1,2,1
sp|O15160|RPAC1_HUMAN,O15160,1,2,1
sp|P19387|RPB3_HUMAN,P19387,1,2,1
sp|P45877|PPIC_HUMAN,P45877,1,2,1
sp|Q86Y39|NDUAB_HUMAN,Q86Y39,1,2,1
sp|P11908|PRPS2_HUMAN,P11908,1,2,1
sp|Q8N2F6|ARM10_HUMAN,Q8N2F6,1,2,1
sp|O75607|NPM3_HUMAN,O75607,1,2,1
sp|Q13641|TPBG_HUMAN,Q13641,2,3,1
sp|Q8N4V1|EMC5_HUMAN,Q8N4V1,1,2,1
sp|Q8WWV3|RT4I1_HUMAN,Q8WWV3,1,2,1
sp|Q9BRQ6|MIC25_HUMAN,Q9BRQ6,1,2,1
sp|Q9HCU5|PREB_HUMAN,Q9HCU5,1,2,1
sp|Q9UHQ9|NB5R1_HUMAN,Q9UHQ9,1,2,1
sp|Q9P2X0|DPM3_HUMAN,Q9P2X0,1,2,1
sp|Q15006|EMC2_HUMAN,Q15006,1,2,1
sp|Q6L8Q7|PDE12_HUMAN,Q6L8Q7,1,2,1
sp|O15235|RT12_HUMAN,O15235,1,2,1
sp|Q13410|BT1A1_HUMAN,Q13410,1,2,1
sp|Q9Y3Y2|CHTOP_HUMAN,Q9Y3Y2,1,2,1
sp|Q15582|BGH3_HUMAN,Q15582,1,2,1
sp|P28907|CD38_HUMAN,P28907,2,3,1
sp|Q8NDH3|PEPL1_HUMAN,Q8NDH3,1,2,1
sp|Q9H6F5|CCD86_HUMAN,Q9H6F5,1,2,1
sp|Q6P6C2|ALKB5_HUMAN,Q6P6C2,1,2,1
sp|Q9P003|CNIH4_HUMAN,Q9P003,1,2,1
sp|P20962|PTMS_HUMAN,P20962,2,3,1
sp|O15120|PLCB_HUMAN,O15120,1,2,1
sp|P61966|AP1S1_HUMAN,P61966,1,2,1
sp|O60888|CUTA_HUMAN,O60888,1,2,1
sp|O75718|CRTAP_HUMAN,O75718,1,2,1
sp|Q96A35|RM24_HUMAN,Q96A35,1,2,1
sp|P38432|COIL_HUMAN,P38432,1,2,1
sp|O43402|EMC8_HUMAN,O43402,1,2,1
sp|Q53S08|RAB6D_HUMAN,Q53S08,1,2,1
sp|O43159|RRP8_HUMAN,O43159,1,2,1
sp|Q6P1L8|RM14_HUMAN,Q6P1L8,1,2,1
sp|Q6IN84|MRM1_HUMAN,Q6IN84,1,2,1
sp|Q9BWS9|CHID1_HUMAN,Q9BWS9,1,2,1
sp|Q03405|UPAR_HUMAN,Q03405,1,2,1
sp|P61964|WDR5_HUMAN,P61964,1,2,1
sp|Q9HC36|MRM3_HUMAN,Q9HC36,1,2,1
sp|Q6UWP7|LCLT1_HUMAN,Q6UWP7,1,2,1
sp|Q96BI1|S22AI_HUMAN,Q96BI1,1,2,1
sp|Q8WY22|BRI3B_HUMAN,Q8WY22,1,2,1
sp|Q9ULX3|NOB1_HUMAN,Q9ULX3,1,2,1
sp|Q9NRW3|ABC3C_HUMAN,Q9NRW3,1,2,1
sp|Q7Z478|DHX29_HUMAN,Q7Z478,1,2,1
sp|Q9H1C7|CYTM1_HUMAN,Q9H1C7,1,2,1
sp|Q16637|SMN_HUMAN,Q16637,1,2,1
sp|Q13454|TUSC3_HUMAN,Q13454,0,1,1
sp|Q8IY17|PLPL6_HUMAN,Q8IY17,0,1,1
sp|Q9Y666|S12A7_HUMAN,Q9Y666,0,1,1
sp|O15091|MRPP3_HUMAN,O15091,0,1,1
sp|P22033|MUTA_HUMAN,P22033,0,1,1
sp|P31483|TIA1_HUMAN,P31483,0,1,1
sp|Q8WW59|SPRY4_HUMAN,Q8WW59,0,1,1
sp|Q9H8S9|MOB1A_HUMAN,Q9H8S9,0,1,1
sp|Q9Y5P6|GMPPB_HUMAN,Q9Y5P6,0,1,1
sp|P24557|THAS_HUMAN,P24557,0,1,1
sp|Q14534|ERG1_HUMAN,Q14534,0,1,1
sp|Q99575|POP1_HUMAN,Q99575,0,1,1
sp|Q9BQ69|MACD1_HUMAN,Q9BQ69,0,1,1
sp|P52758|RIDA_HUMAN,P52758,0,1,1
sp|P98088|MUC5A_HUMAN,P98088,0,1,1
sp|Q12888|TP53B_HUMAN,Q12888,0,1,1
sp|Q13825|AUHM_HUMAN,Q13825,0,1,1
sp|Q8N6R0|EFNMT_HUMAN,Q8N6R0,0,1,1
sp|P11217|PYGM_HUMAN,P11217,0,1,1
sp|Q86UL3|GPAT4_HUMAN,Q86UL3,0,1,1
sp|A6NNZ2|TBB8B_HUMAN,A6NNZ2,0,1,1
sp|Q8N9T8|KRI1_HUMAN,Q8N9T8,0,1,1
sp|Q8NF37|PCAT1_HUMAN,Q8NF37,0,1,1
sp|Q8NFF5|FAD1_HUMAN,Q8NFF5,0,1,1
sp|Q93084|AT2A3_HUMAN,Q93084,0,1,1
sp|P42263|GRIA3_HUMAN,P42263,0,1,1
sp|Q96SB4|SRPK1_HUMAN,Q96SB4,0,1,1
sp|P34931|HS71L_HUMAN,P34931,0,1,1
sp|P82675|RT05_HUMAN,P82675,0,1,1
sp|Q03001|DYST_HUMAN,Q03001,0,1,1
sp|Q14C86|GAPD1_HUMAN,Q14C86,0,1,1
sp|O00142|KITM_HUMAN,O00142,0,1,1
sp|P02538|K2C6A_HUMAN,P02538,0,1,1
sp|P13647|K2C5_HUMAN,P13647,0,1,1
sp|Q86U28|ISCA2_HUMAN,Q86U28,0,1,1
sp|Q5SY16|NOL9_HUMAN,Q5SY16,0,1,1
sp|Q5T440|CAF17_HUMAN,Q5T440,0,1,1
sp|P29992|GNA11_HUMAN,P29992,0,1,1
sp|O43252|PAPS1_HUMAN,O43252,0,1,1
sp|Q9UKL3|C8AP2_HUMAN,Q9UKL3,0,1,1
sp|Q7Z460|CLAP1_HUMAN,Q7Z460,0,1,1
sp|Q6P1M3|L2GL2_HUMAN,Q6P1M3,0,1,1
sp|P21127|CD11B_HUMAN,P21127,0,1,1
sp|Q9H9Y2|RPF1_HUMAN,Q9H9Y2,0,1,1
sp|Q9Y2L1|RRP44_HUMAN,Q9Y2L1,0,1,1
sp|Q9NZJ7|MTCH1_HUMAN,Q9NZJ7,0,1,1
sp|Q9NVS2|RT18A_HUMAN,Q9NVS2,0,1,1
sp|Q16352|AINX_HUMAN,Q16352,0,1,1
sp|P31749|AKT1_HUMAN,P31749,0,1,1
sp|Q9ULU4|PKCB1_HUMAN,Q9ULU4,0,1,1
sp|Q5VW38|GP107_HUMAN,Q5VW38,0,1,1
sp|Q6P9B6|MEAK7_HUMAN,Q6P9B6,0,1,1
sp|Q9BW60|ELOV1_HUMAN,Q9BW60,0,1,1
sp|Q9NRG7|D39U1_HUMAN,Q9NRG7,0,1,1
sp|Q9NZE8|RM35_HUMAN,Q9NZE8,0,1,1
sp|P78386|KRT85_HUMAN,P78386,0,1,1
sp|Q96B23|CR025_HUMAN,Q96B23,0,1,1
sp|Q8WUA4|TF3C2_HUMAN,Q8WUA4,0,1,1
sp|P51608|MECP2_HUMAN,P51608,0,1,1
sp|Q9HB90|RRAGC_HUMAN,Q9HB90,0,1,1
sp|Q96CU9|FXRD1_HUMAN,Q96CU9,0,1,1
sp|O75683|SURF6_HUMAN,O75683,0,1,1
sp|Q08AF3|SLFN5_HUMAN,Q08AF3,0,1,1
sp|Q32P41|TRM5_HUMAN,Q32P41,0,1,1
sp|Q6ZMG9|CERS6_HUMAN,Q6ZMG9,0,1,1
sp|Q13769|THOC5_HUMAN,Q13769,0,1,1
sp|Q14997|PSME4_HUMAN,Q14997,0,1,1
sp|P10586|PTPRF_HUMAN,P10586,0,1,1
sp|Q9NX47|MARH5_HUMAN,Q9NX47,0,1,1
sp|P54619|AAKG1_HUMAN,P54619,0,1,1
sp|P22309|UD11_HUMAN,P22309,0,1,1
sp|Q9Y6Z5|AFDDT_HUMAN,Q9Y6Z5,0,1,1
sp|O95716|RAB3D_HUMAN,O95716,0,1,1
sp|P35527|K1C9_HUMAN,P35527,0,1,1
sp|Q9H553|ALG2_HUMAN,Q9H553,0,1,1
sp|Q9NZM5|NOP53_HUMAN,Q9NZM5,0,1,1
sp|Q6ZUA9|MROH5_HUMAN,Q6ZUA9,0,1,1
sp|P42229|STA5A_HUMAN,P42229,0,1,1
sp|P20338|RAB4A_HUMAN,P20338,0,1,1
sp|Q8WVX9|FACR1_HUMAN,Q8WVX9,0,1,1
sp|Q96SB8|SMC6_HUMAN,Q96SB8,0,1,1
sp|Q9NRX1|PNO1_HUMAN,Q9NRX1,0,1,1
sp|Q9NZJ6|COQ3_HUMAN,Q9NZJ6,0,1,1
sp|Q96D46|NMD3_HUMAN,Q96D46,0,1,1
sp|P28062|PSB8_HUMAN,P28062,0,1,1
sp|Q13427|PPIG_HUMAN,Q13427,0,1,1
sp|Q9BQB6|VKOR1_HUMAN,Q9BQB6,0,1,1
sp|P03891|NU2M_HUMAN,P03891,0,1,1
sp|Q6IAN0|DRS7B_HUMAN,Q6IAN0,0,1,1
sp|Q9H2D6|TARA_HUMAN,Q9H2D6,0,1,1
sp|P98173|FAM3A_HUMAN,P98173,0,1,1
sp|Q5U5X0|LYRM7_HUMAN,Q5U5X0,0,1,1
sp|O95219|SNX4_HUMAN,O95219,0,1,1
sp|P25490|TYY1_HUMAN,P25490,0,1,1
sp|P61812|TGFB2_HUMAN,P61812,0,1,1
sp|Q8ND76|CCNY_HUMAN,Q8ND76,0,1,1
sp|Q96B26|EXOS8_HUMAN,Q96B26,0,1,1
sp|O95810|CAVN2_HUMAN,O95810,0,1,1
sp|P18433|PTPRA_HUMAN,P18433,0,1,1
sp|Q99986|VRK1_HUMAN,Q99986,0,1,1
sp|O00400|ACATN_HUMAN,O00400,0,1,1
sp|O00622|CCN1_HUMAN,O00622,0,1,1
sp|O60427|FADS1_HUMAN,O60427,0,1,1
sp|O60907|TBL1X_HUMAN,O60907,0,1,1
sp|P51688|SPHM_HUMAN,P51688,0,1,1
sp|Q9Y580|RBM7_HUMAN,Q9Y580,0,1,1
sp|Q96Q45|TM237_HUMAN,Q96Q45,0,1,1
sp|P22079|PERL_HUMAN,P22079,0,1,1
sp|Q13043|STK4_HUMAN,Q13043,0,1,1
sp|Q6Y1H2|HACD2_HUMAN,Q6Y1H2,0,1,1
sp|Q5TEU4|NDUF5_HUMAN,Q5TEU4,0,1,1
sp|Q9Y613|FHOD1_HUMAN,Q9Y613,0,1,1
sp|Q9P0S9|TM14C_HUMAN,Q9P0S9,0,1,1
sp|P21579|SYT1_HUMAN,P21579,0,1,1
sp|Q9UJX6|ANC2_HUMAN,Q9UJX6,0,1,1
sp|Q6ZN18|AEBP2_HUMAN,Q6ZN18,0,1,1
sp|O95479|G6PE_HUMAN,O95479,0,1,1
sp|Q9UI10|EI2BD_HUMAN,Q9UI10,0,1,1
sp|Q2T9J0|TYSD1_HUMAN,Q2T9J0,0,1,1
sp|Q9Y5K8|VATD_HUMAN,Q9Y5K8,0,1,1
sp|Q8TDX6|CGAT1_HUMAN,Q8TDX6,0,1,1
sp|Q96AA3|RFT1_HUMAN,Q96AA3,0,1,1
sp|O15162|PLS1_HUMAN,O15162,0,1,1
sp|Q9BVV7|TIM21_HUMAN,Q9BVV7,0,1,1
sp|Q13438|OS9_HUMAN,Q13438,0,1,1
sp|Q69YN2|C19L1_HUMAN,Q69YN2,0,1,1
sp|P02765|FETUA_HUMAN,P02765,0,1,1
sp|P38435|VKGC_HUMAN,P38435,0,1,1
sp|O95376|ARI2_HUMAN,O95376,0,1,1
sp|P82912|RT11_HUMAN,P82912,0,1,1
sp|Q9UJW0|DCTN4_HUMAN,Q9UJW0,0,1,1
sp|Q8NBU5|ATAD1_HUMAN,Q8NBU5,0,1,1
sp|Q12899|TRI26_HUMAN,Q12899,0,1,1
sp|Q15750|TAB1_HUMAN,Q15750,0,1,1
sp|P51965|UB2E1_HUMAN,P51965,0,1,1
sp|P58557|YBEY_HUMAN,P58557,0,1,1
sp|Q8TBQ9|KISHA_HUMAN,Q8TBQ9,0,1,1
sp|Q16854|DGUOK_HUMAN,Q16854,0,1,1
sp|P00846|ATP6_HUMAN,P00846,0,1,1
sp|Q9BRR3|PGAP4_HUMAN,Q9BRR3,0,1,1
sp|Q96G23|CERS2_HUMAN,Q96G23,0,1,1
sp|Q587I9|SFT2C_HUMAN,Q587I9,0,1,1
sp|O15321|TM9S1_HUMAN,O15321,0,1,1
sp|Q8N5F7|NKAP_HUMAN,Q8N5F7,0,1,1
